//Exported ASCII-File
[Header]
FileName = C:\Users\reoml\Desktop\Mestrado\mapa raman\novas medidas\Medidas Raman - Rafael\Medidas Raman - Rafael\GO em substrato metalico (0.01 com e sem EDA) - Rafael.WIP
ImageName = Scan_004_Spec.Data 1_F: Min & Max -> Maximum [1245.7 rel. 1/cm -> 1419.6 rel. 1/cm]
PointsPerLine = 61
LinesPerImage = 61
ScanUnit = µm
ScanWidth = 30
ScanHeight = 30
ScanOriginX = 3.34200000762939
ScanOriginY = -1.30799996852875
ScanOriginZ = 0
DataUnit = CCD cts
[Data]
 4.33402E+01	 2.99790E+01	 1.98823E+01	 7.59469E+00	 1.80135E+01	 4.21282E+01	 2.87164E+01	 1.00624E+01	 1.52353E+01	 1.86499E+01	 3.05000E+01	 2.45001E+01	 1.65944E+01	 1.17149E+01	 1.08409E+01	 1.26598E+01	 8.54093E+00	 2.90624E+01	 2.38182E+01	 6.03181E+00	 6.14468E+00	 5.82498E+00	 5.81797E+00	 8.99733E+00	 1.35771E+01	 1.96984E+01	 1.19083E+01	 9.85844E+00	 8.03339E+00	 1.06014E+01	 7.95036E+00	 1.13604E+01	 1.21585E+01	 1.20504E+01	 3.83103E+01	 5.00090E+01	 3.20509E+01	 3.07108E+01	 1.96997E+01	 7.62092E+00	 6.92360E+00	 7.17502E+00	 1.07174E+01	 9.13630E+00	 5.12148E+00	 1.06667E+01	 2.71944E+01	 3.02173E+01	 3.54052E+01	 3.74259E+01	 2.15278E+01	 1.53912E+01	 1.25792E+01	 1.03397E+01	 7.67766E+00	 7.91874E+00	 8.54093E+00	 8.13556E+00	 6.19953E+00	 7.20879E+00	 5.25000E+00
 3.58702E+01	 2.18009E+01	 1.20003E+01	 7.74766E+00	 5.49890E+00	 1.18964E+01	 1.53167E+01	 7.84721E+00	 9.85320E+00	 1.34564E+01	 1.87171E+01	 1.29510E+01	 8.38904E+00	 8.49580E+00	 8.48767E+00	 7.25010E+00	 6.52639E+00	 1.60868E+01	 1.11652E+01	 6.75000E+00	 4.60972E+00	 5.18216E+00	 8.52270E+00	 6.38093E+00	 1.07481E+01	 1.08518E+01	 1.35000E+01	 8.59656E+00	 6.99813E+00	 9.34166E+00	 1.13604E+01	 1.14355E+01	 1.15225E+01	 9.85428E+00	 2.87768E+01	 7.06521E+01	 5.11940E+01	 2.66373E+01	 1.55277E+01	 9.81653E+00	 7.58126E+00	 8.20070E+00	 8.30902E+00	 5.62762E+00	 9.50000E+00	 1.48096E+01	 2.51192E+01	 3.09662E+01	 3.48437E+01	 2.43269E+01	 2.07207E+01	 1.68208E+01	 2.63949E+01	 6.91169E+00	 2.11001E+01	 1.60875E+01	 1.08499E+01	 7.26369E+00	 5.07512E+00	 9.91267E+00	 7.50685E+00
 3.72019E+01	 2.82202E+01	 1.19649E+01	 7.37383E+00	 4.25000E+00	 4.50000E+00	 7.84469E+00	 9.68137E+00	 1.25255E+01	 1.16723E+01	 6.50851E+00	 6.28298E+00	 6.19012E+00	 1.04173E+01	 1.13738E+01	 8.16588E+00	 5.82074E+00	 1.25624E+01	 1.44063E+01	 7.45633E+00	 7.13666E+00	 5.35285E+00	 5.83177E+00	 7.68442E+00	 2.59243E+02	 5.26547E+01	 1.13787E+01	 1.02777E+01	 9.36352E+00	 1.28279E+01	 1.74437E+01	 2.21561E+01	 1.33385E+01	 1.11131E+01	 1.64043E+01	 3.25586E+01	 4.90204E+01	 2.67139E+01	 1.28003E+01	 1.43796E+01	 8.67322E+00	 7.98534E+00	 8.17829E+00	 1.21001E+01	 1.82558E+01	 2.01969E+01	 2.46706E+01	 2.19373E+01	 2.90245E+01	 2.43351E+01	 1.99277E+01	 1.13986E+01	 9.77554E+00	 7.65008E+00	 1.71167E+01	 1.72894E+01	 1.04223E+01	 6.35137E+00	 5.53335E+00	 5.16375E+00	 5.60844E+00
 3.39633E+01	 1.59813E+01	 1.03326E+01	 8.61713E+00	 5.49474E+00	 7.36352E+00	 7.78343E+00	 8.07221E+00	 1.19152E+01	 9.18185E+00	 7.61736E+00	 9.24733E+00	 7.93959E+00	 9.10557E+00	 6.81246E+00	 6.19745E+00	 6.87237E+00	 8.02260E+00	 1.11855E+01	 7.66121E+00	 4.44578E+00	 7.69589E+00	 9.29818E+00	 1.15237E+01	 9.20697E+00	 7.25000E+00	 1.13308E+01	 1.67112E+01	 1.91373E+01	 2.19139E+01	 2.15004E+01	 1.61901E+01	 1.10227E+01	 1.03194E+01	 1.13229E+01	 1.44861E+01	 2.81839E+01	 2.45659E+01	 1.59645E+01	 1.04973E+01	 9.72497E+00	 6.75000E+00	 5.75000E+00	 1.37623E+01	 2.93103E+01	 2.75648E+01	 2.58802E+01	 2.20507E+01	 2.52221E+01	 2.23709E+01	 1.24633E+01	 7.00000E+00	 6.68882E+00	 7.89178E+00	 9.70444E+00	 9.64468E+00	 6.27796E+00	 6.23343E+00	 6.83021E+00	 7.27270E+00	 7.03971E+00
 2.60294E+01	 1.23266E+01	 1.17162E+01	 1.01558E+01	 6.58083E+00	 7.36713E+00	 1.00878E+01	 1.03718E+01	 1.15002E+01	 1.02171E+01	 1.07503E+01	 1.04003E+01	 8.91110E+00	 7.61995E+00	 7.60349E+00	 8.89586E+00	 5.70633E+00	 1.02500E+01	 7.25000E+00	 4.16037E+00	 8.10485E+00	 9.97744E+00	 1.33502E+01	 1.42503E+01	 1.16464E+01	 7.38196E+00	 1.31999E+01	 2.82654E+01	 2.96504E+01	 2.09406E+01	 1.75003E+01	 1.26666E+01	 1.08532E+01	 9.17781E+00	 9.27499E+00	 1.43228E+01	 1.42654E+01	 1.34238E+01	 1.21809E+01	 1.16968E+01	 9.11901E+00	 5.81952E+00	 6.24474E+00	 1.26738E+01	 2.73129E+01	 3.01394E+01	 2.56825E+01	 1.89507E+01	 1.66127E+01	 6.84075E+00	 5.20274E+00	 6.71678E+00	 6.38623E+00	 7.33617E+00	 3.25000E+00	 4.41121E+00	 5.35518E+00	 6.63432E+00	 5.46678E+00	 8.40465E+00	 8.47576E+00
 2.32343E+01	 1.65049E+01	 1.27661E+01	 1.17777E+01	 1.06224E+01	 7.97497E+00	 8.96689E+00	 1.06251E+01	 1.32790E+01	 9.72081E+00	 7.10954E+00	 6.66673E+00	 6.87178E+00	 7.29041E+00	 7.33061E+00	 8.13295E+00	 8.80411E+00	 6.20444E+00	 6.07471E+00	 5.43355E+00	 5.11352E+00	 1.30953E+01	 1.52402E+01	 1.41580E+01	 1.69505E+01	 2.02006E+01	 2.49468E+01	 4.25581E+01	 4.39298E+01	 2.56628E+01	 1.39249E+01	 1.12416E+01	 7.49627E+00	 6.74183E+00	 7.60093E+00	 9.81952E+00	 1.24853E+01	 1.11202E+01	 1.41127E+01	 1.84851E+01	 1.32162E+01	 6.36326E+00	 6.42811E+00	 1.47418E+01	 1.56686E+01	 1.76864E+01	 1.83169E+01	 1.37084E+01	 1.01190E+01	 6.77498E+00	 6.09236E+00	 4.98776E+00	 4.16354E+00	 8.39515E+00	 6.40664E+00	 6.62237E+00	 5.00000E+00	 5.46494E+00	 1.04774E+01	 1.13666E+01	 6.11334E+00
 2.10659E+01	 1.24880E+01	 8.94788E+00	 8.21491E+00	 8.36900E+00	 9.26678E+00	 1.18744E+01	 1.29063E+01	 1.51143E+01	 1.54488E+01	 1.20878E+01	 9.05006E+00	 7.12238E+00	 5.94589E+00	 6.50000E+00	 1.05790E+01	 1.39902E+01	 8.50000E+00	 4.79367E+00	 4.45794E+00	 1.15567E+01	 1.68958E+01	 1.70851E+01	 1.62451E+01	 3.94852E+01	 5.65519E+01	 3.94014E+01	 4.47043E+01	 5.97243E+01	 4.11969E+01	 1.35441E+01	 4.44788E+00	 3.77910E+00	 5.34667E+00	 6.57533E+00	 7.46547E+00	 1.01201E+01	 7.82242E+00	 1.67926E+01	 1.54719E+01	 9.98534E+00	 7.05318E+00	 9.92322E+00	 1.47562E+01	 2.21563E+01	 2.42605E+01	 1.81359E+01	 1.58385E+01	 9.40836E+00	 5.71302E+00	 6.35004E+00	 5.05411E+00	 6.04030E+00	 5.07776E+00	 4.09577E+00	 6.10285E+00	 3.88778E+00	 6.22361E+00	 7.41354E+00	 6.13494E+00	 5.26703E+00
 2.23722E+01	 1.31725E+01	 8.91120E+00	 9.12290E+00	 1.24986E+01	 1.41832E+01	 1.49708E+01	 1.86415E+01	 1.65052E+01	 1.36988E+01	 1.29918E+01	 1.21464E+01	 7.36665E+00	 5.68094E+00	 6.30636E+00	 9.46547E+00	 1.65502E+01	 1.66002E+01	 8.31478E+00	 5.98631E+00	 9.90652E+00	 1.70506E+01	 1.69004E+01	 1.63503E+01	 4.93278E+01	 6.93488E+01	 4.94573E+01	 5.03728E+01	 6.59684E+01	 5.20882E+01	 1.81563E+01	 6.26865E+00	 5.17288E+00	 5.30379E+00	 4.88556E+00	 6.68545E+00	 7.76109E+00	 6.95794E+00	 7.35562E+00	 7.05856E+00	 5.32898E+00	 7.94835E+00	 1.63690E+01	 2.47156E+01	 3.11704E+01	 2.44497E+01	 1.69003E+01	 1.20002E+01	 7.05881E+00	 4.38792E+00	 4.18167E+00	 5.66267E+00	 8.09789E+00	 7.55856E+00	 5.52260E+00	 5.04041E+00	 6.87383E+00	 5.74315E+00	 6.16121E+00	 7.59667E+00	 1.56732E+01
 2.06194E+01	 1.34167E+01	 7.60420E+00	 8.35844E+00	 9.60013E+00	 1.18004E+01	 1.30728E+01	 1.46582E+01	 1.65511E+01	 1.90681E+01	 1.54798E+01	 1.34389E+01	 9.49171E+00	 7.85557E+00	 8.74254E+00	 8.99439E+00	 1.52925E+01	 1.79504E+01	 1.26002E+01	 6.21494E+00	 7.08061E+00	 7.80332E+00	 7.86233E+00	 7.27375E+00	 3.33987E+01	 5.72195E+01	 5.14315E+01	 5.78044E+01	 5.69853E+01	 3.12781E+01	 1.09083E+01	 6.27223E+00	 5.49315E+00	 4.60285E+00	 4.39167E+00	 6.91383E+00	 6.39482E+00	 6.34577E+00	 6.99315E+00	 5.70152E+00	 6.87091E+00	 1.12126E+01	 1.69504E+01	 1.93279E+01	 1.74058E+01	 1.22767E+01	 8.12955E+00	 6.96328E+00	 5.61900E+00	 4.81478E+00	 6.15211E+00	 7.17502E+00	 8.14632E+00	 1.07319E+01	 8.18545E+00	 4.86042E+00	 4.20633E+00	 4.26055E+00	 6.42766E+00	 1.49774E+01	 2.99139E+01
 1.97778E+01	 1.33889E+01	 7.89641E+00	 6.49299E+00	 8.55477E+00	 9.47979E+00	 1.21839E+01	 1.13504E+01	 1.47145E+01	 1.59798E+01	 1.32112E+01	 1.12395E+01	 1.02711E+01	 8.43377E+00	 6.71257E+00	 1.08377E+01	 1.25826E+01	 1.49813E+01	 1.48915E+01	 1.00225E+01	 8.01663E+00	 4.20555E+00	 4.56778E+00	 6.52403E+00	 3.13331E+01	 5.15419E+01	 4.31522E+01	 3.69867E+01	 3.52140E+01	 1.73949E+01	 9.34993E+00	 8.60320E+00	 5.59075E+00	 4.74982E+00	 4.73767E+00	 4.80714E+00	 4.74867E+00	 6.66394E+00	 5.50000E+00	 5.92420E+00	 8.64178E+00	 1.61404E+01	 2.14584E+01	 2.05449E+01	 1.52552E+01	 1.08671E+01	 5.84469E+00	 4.27910E+00	 5.33177E+00	 4.20790E+00	 5.89178E+00	 8.19098E+00	 1.02500E+01	 1.13667E+01	 1.14332E+01	 1.02667E+01	 6.52111E+00	 9.39995E+00	 2.30504E+01	 3.01004E+01	 2.24504E+01
 1.41131E+01	 1.21563E+01	 7.43545E+00	 6.16252E+00	 6.76890E+00	 8.43619E+00	 7.89641E+00	 1.12580E+01	 1.14389E+01	 1.37502E+01	 1.19265E+01	 1.11002E+01	 8.81819E+00	 6.98193E+00	 8.64171E+00	 7.99867E+00	 1.01894E+01	 1.61383E+01	 1.67162E+01	 1.82504E+01	 2.18453E+01	 1.16542E+01	 6.31778E+00	 9.02796E+00	 2.88807E+01	 4.07052E+01	 3.51510E+01	 3.42509E+01	 2.80793E+01	 1.63372E+01	 9.42829E+00	 9.37874E+00	 9.21257E+00	 8.23595E+00	 5.21706E+00	 6.68355E+00	 8.93094E+00	 1.17793E+01	 1.28208E+01	 1.08618E+01	 1.56004E+01	 2.60697E+01	 3.11542E+01	 2.33774E+01	 1.51793E+01	 9.19311E+00	 7.04555E+00	 4.39715E+00	 6.05379E+00	 4.09093E+00	 5.64515E+00	 1.01636E+01	 1.13308E+01	 1.17001E+01	 1.08829E+02	 1.17995E+02	 2.36373E+01	 1.85426E+01	 1.52004E+01	 1.09602E+01	 1.07418E+01
 1.20502E+01	 8.80027E+00	 7.50000E+00	 5.56381E+00	 6.09309E+00	 6.63697E+00	 7.93001E+00	 1.02258E+01	 1.11085E+01	 1.40237E+01	 1.25973E+01	 1.11757E+01	 9.05332E+00	 9.68545E+00	 9.60557E+00	 9.09579E+00	 1.27133E+01	 1.28023E+01	 2.19232E+01	 3.37507E+01	 3.76364E+01	 1.42126E+01	 6.35844E+00	 7.90889E+00	 2.15697E+01	 3.33116E+01	 2.67249E+01	 2.89509E+01	 2.44795E+01	 1.35237E+01	 1.04309E+01	 1.04017E+01	 7.08085E+00	 5.95633E+00	 5.97667E+00	 6.40664E+00	 9.45697E+00	 1.43293E+01	 1.78869E+01	 1.84001E+01	 1.79201E+01	 2.21467E+01	 2.79880E+01	 2.07000E+01	 1.50931E+01	 1.17755E+01	 5.33589E+00	 3.51703E+00	 4.79726E+00	 6.93331E+00	 4.90159E+00	 7.62809E+00	 1.06003E+01	 1.16542E+01	 2.26692E+01	 4.00434E+01	 3.37505E+01	 1.55188E+01	 5.67502E+00	 7.70837E+00	 1.52548E+01
 8.55017E+00	 7.50000E+00	 7.04996E+00	 7.93882E+00	 5.78322E+00	 5.75000E+00	 5.20444E+00	 6.85349E+00	 9.27260E+00	 1.11464E+01	 1.11190E+01	 8.18905E+00	 9.58768E+00	 1.01296E+01	 1.05533E+01	 1.10878E+01	 7.85002E+00	 9.97339E+00	 1.84006E+01	 3.93754E+01	 3.30135E+01	 1.31984E+01	 6.04041E+00	 5.44893E+00	 1.41383E+01	 2.61569E+01	 2.49738E+01	 2.13743E+01	 1.47438E+01	 1.01334E+01	 9.65019E+00	 7.45828E+00	 6.63339E+00	 5.29905E+00	 4.15764E+00	 5.93619E+00	 6.80856E+00	 1.34944E+01	 2.49024E+01	 2.45750E+01	 2.11119E+01	 2.18543E+01	 2.09612E+01	 1.52407E+01	 1.49805E+01	 1.29055E+01	 8.90166E+00	 7.91267E+00	 4.35844E+00	 5.39171E+00	 6.64515E+00	 1.23532E+01	 1.26598E+01	 1.05503E+01	 1.20277E+01	 1.61070E+01	 2.09507E+01	 1.44499E+01	 1.18518E+01	 1.03503E+01	 1.78004E+01
 8.28434E+00	 9.21678E+00	 7.63196E+00	 6.73767E+00	 8.21524E+00	 7.94311E+00	 6.68167E+00	 7.18937E+00	 7.28335E+00	 8.71390E+00	 8.35853E+00	 8.69993E+00	 1.20457E+01	 1.49860E+01	 1.55409E+01	 1.48054E+01	 2.17808E+01	 2.42084E+01	 1.49930E+01	 1.60688E+01	 1.37084E+01	 9.91522E+00	 6.69589E+00	 5.14178E+00	 5.35320E+00	 1.12115E+01	 1.34564E+01	 1.06464E+01	 9.87444E+00	 1.11587E+01	 6.58915E+00	 6.06752E+00	 5.09001E+00	 3.38093E+00	 4.98409E+00	 6.94578E+00	 9.08271E+00	 1.12425E+01	 2.14001E+01	 3.03967E+01	 2.17086E+01	 1.97333E+01	 1.69311E+01	 1.49341E+01	 1.72346E+01	 2.17318E+01	 1.82388E+01	 7.09452E+00	 4.25685E+00	 3.66330E+00	 7.24067E+00	 9.53965E+00	 1.09501E+01	 1.12969E+01	 1.42030E+01	 1.47001E+01	 1.48502E+01	 1.56047E+01	 1.58290E+01	 1.36505E+01	 1.71075E+01
 1.12909E+01	 1.17777E+01	 6.87955E+00	 1.38121E+01	 1.58532E+01	 1.01021E+01	 8.99315E+00	 1.02902E+01	 1.14095E+01	 9.71114E+00	 1.27448E+01	 1.76809E+01	 1.79645E+01	 1.84719E+01	 1.63787E+01	 1.88378E+01	 2.64024E+01	 2.19005E+01	 8.98776E+00	 1.01463E+01	 9.12743E+00	 5.68447E+00	 5.91121E+00	 4.51186E+00	 5.72440E+00	 1.24612E+01	 1.51302E+01	 1.38617E+01	 1.21166E+01	 8.30636E+00	 7.74182E+00	 7.75637E+00	 6.98631E+00	 5.43112E+00	 6.59441E+00	 9.71678E+00	 8.26036E+00	 1.06732E+01	 1.66103E+01	 1.66061E+01	 1.62593E+01	 1.52083E+01	 1.62528E+01	 1.62528E+01	 1.55586E+01	 1.08059E+01	 6.25010E+00	 4.67420E+00	 3.96144E+00	 5.22667E+00	 5.34175E+00	 6.74182E+00	 1.31839E+01	 2.18103E+01	 2.74204E+01	 1.59085E+01	 1.20819E+01	 1.59762E+01	 1.71005E+01	 1.87313E+01	 1.83665E+01
 2.68155E+01	 1.58870E+01	 6.41459E+00	 9.50021E+00	 1.18639E+01	 6.92647E+00	 9.88227E+00	 1.55586E+01	 1.79201E+01	 1.70005E+01	 2.64311E+01	 2.52821E+01	 1.88415E+01	 2.16587E+01	 2.39530E+01	 1.51035E+01	 1.19332E+01	 8.19041E+00	 7.39178E+00	 8.08745E+00	 1.08521E+01	 9.62238E+00	 7.75000E+00	 7.63264E+00	 5.27583E+00	 8.86901E+00	 1.62549E+01	 1.87360E+01	 1.31464E+01	 1.07395E+01	 1.09860E+01	 1.44973E+01	 1.35967E+01	 1.01455E+01	 1.60000E+01	 1.28774E+01	 7.89515E+00	 9.64641E+00	 9.96022E+00	 9.46706E+00	 8.70152E+00	 1.18964E+01	 1.21855E+01	 7.11665E+00	 7.30856E+00	 6.63886E+00	 7.19304E+00	 7.63630E+00	 6.56381E+00	 6.25000E+00	 5.40211E+00	 6.18112E+00	 1.43694E+01	 2.50909E+01	 2.88503E+01	 1.68337E+01	 1.28639E+01	 1.02168E+01	 1.20567E+01	 9.27375E+00	 1.83706E+01
 4.30712E+01	 2.04560E+01	 7.24440E+00	 6.21043E+00	 6.05047E+00	 9.97440E+00	 1.13351E+01	 1.73893E+01	 2.68159E+01	 2.75961E+01	 3.06486E+01	 2.64805E+01	 2.61751E+01	 2.84232E+01	 3.49024E+01	 1.68351E+01	 1.00947E+01	 1.32481E+01	 1.27564E+01	 6.68937E+00	 1.01032E+01	 6.51055E+00	 6.97363E+00	 4.11875E+00	 4.60509E+00	 6.88217E+00	 8.17535E+00	 8.41267E+00	 9.56952E+00	 1.03339E+01	 1.61704E+01	 2.54933E+01	 1.90523E+01	 9.45445E+00	 1.76542E+01	 1.41430E+01	 8.46249E+00	 9.24867E+00	 8.24475E+00	 6.27222E+00	 4.52260E+00	 9.00000E+00	 6.68697E+00	 7.74474E+00	 5.62955E+00	 8.15159E+00	 1.26373E+01	 1.96751E+01	 9.89171E+00	 6.50637E+00	 6.92198E+00	 7.83617E+00	 1.19895E+01	 2.52876E+01	 2.23442E+01	 1.55004E+01	 1.29484E+01	 9.46662E+00	 6.11713E+00	 5.80636E+00	 1.35449E+01
 7.22080E+01	 3.68116E+01	 1.37083E+01	 7.72576E+00	 6.90297E+00	 1.09322E+01	 1.64443E+01	 2.27249E+01	 2.86350E+01	 3.09010E+01	 3.54579E+01	 3.74957E+01	 3.37249E+01	 2.91381E+01	 1.72380E+01	 7.35420E+00	 7.90836E+00	 1.55978E+01	 2.16003E+01	 8.77246E+00	 8.25000E+00	 6.20008E+00	 1.42360E+01	 1.11833E+01	 5.23393E+00	 5.56118E+00	 6.16459E+00	 6.24377E+00	 6.95560E+00	 7.38820E+00	 1.87552E+01	 2.98682E+01	 2.23720E+01	 6.99171E+00	 1.15250E+01	 1.65003E+01	 9.08061E+00	 6.16256E+00	 7.01703E+00	 6.19589E+00	 9.44816E+00	 1.21988E+01	 9.58271E+00	 7.38630E+00	 7.80592E+00	 1.28677E+01	 2.58106E+01	 2.38810E+01	 2.08142E+01	 1.38503E+01	 7.53476E+00	 6.18299E+00	 1.21224E+01	 1.67558E+01	 2.71766E+01	 1.59564E+01	 1.51043E+01	 1.50097E+01	 9.75116E+00	 5.23110E+00	 6.08126E+00
 5.03116E+01	 4.40235E+01	 2.11959E+01	 9.52260E+00	 6.93545E+00	 1.12851E+01	 2.02319E+01	 1.72353E+01	 1.90224E+01	 2.74550E+01	 3.13350E+01	 3.12127E+01	 3.54009E+01	 2.85093E+01	 1.56171E+01	 6.37092E+00	 5.50000E+00	 9.53486E+00	 1.12409E+01	 9.87237E+00	 9.00485E+00	 2.58709E+01	 2.95135E+01	 2.05321E+01	 8.24440E+00	 8.13648E+00	 6.88630E+00	 6.27910E+00	 7.61900E+00	 5.82533E+00	 6.76890E+00	 1.32821E+01	 8.35954E+00	 6.81669E+00	 5.75000E+00	 7.79726E+00	 8.91394E+00	 9.88623E+00	 7.71678E+00	 6.14641E+00	 9.44370E+00	 1.48518E+01	 1.38915E+01	 1.10003E+01	 1.36190E+01	 2.29819E+01	 3.20726E+01	 2.70360E+01	 2.50334E+01	 1.42099E+01	 1.32755E+01	 1.05388E+01	 1.32145E+01	 1.71532E+01	 1.29888E+01	 8.77343E+00	 6.18905E+00	 8.00000E+00	 7.35844E+00	 7.31455E+00	 5.88217E+00
 6.00090E+01	 6.91138E+01	 3.54590E+01	 1.12555E+01	 8.99377E+00	 1.36521E+01	 1.58999E+01	 1.22888E+01	 1.24394E+01	 2.97616E+01	 2.79201E+01	 2.77575E+01	 2.55305E+01	 1.67343E+01	 8.95640E+00	 6.40008E+00	 6.03335E+00	 9.64863E+00	 5.70560E+00	 8.11900E+00	 1.78949E+01	 1.99061E+01	 2.63169E+01	 2.54139E+01	 1.13256E+01	 5.74626E+00	 5.19389E+00	 4.56652E+00	 4.71678E+00	 8.28212E+00	 8.81246E+00	 7.37917E+00	 6.18048E+00	 4.10977E+00	 5.84001E+00	 7.78981E+00	 9.01890E+00	 6.90907E+00	 6.50000E+00	 9.47552E+00	 9.86352E+00	 1.59259E+01	 2.14973E+01	 2.49719E+01	 2.09691E+01	 3.35157E+01	 3.29019E+01	 3.14249E+01	 2.21415E+01	 1.56134E+01	 1.99213E+01	 1.63480E+01	 1.52548E+01	 1.42418E+01	 9.00524E+00	 1.08634E+01	 9.85419E+00	 1.32395E+01	 2.22290E+01	 1.49042E+01	 7.18112E+00
 5.59203E+01	 5.62642E+01	 4.02479E+01	 1.63170E+01	 1.32972E+01	 2.00750E+01	 1.30321E+01	 1.05724E+01	 1.58431E+01	 2.43607E+01	 3.25108E+01	 1.99584E+01	 1.47777E+01	 1.41811E+01	 1.00093E+01	 7.16267E+00	 6.12383E+00	 5.78965E+00	 9.91267E+00	 1.99721E+01	 1.64032E+01	 1.76016E+01	 2.12605E+01	 2.01997E+01	 8.62809E+00	 5.50474E+00	 5.60833E+00	 5.63792E+00	 6.40836E+00	 2.19843E+01	 2.52959E+01	 9.61389E+00	 5.84166E+00	 5.97576E+00	 5.90533E+00	 8.30027E+00	 7.22946E+00	 6.82471E+00	 7.88611E+00	 8.95152E+00	 1.06274E+01	 1.63774E+01	 1.96182E+01	 2.87220E+01	 4.85668E+01	 3.98720E+01	 2.97009E+01	 2.61147E+01	 1.99734E+01	 2.31702E+01	 2.01420E+01	 2.13256E+01	 1.43889E+01	 8.32911E+00	 1.03532E+01	 1.50127E+01	 1.19133E+01	 1.15779E+01	 1.98744E+01	 2.92597E+01	 8.21702E+00
 3.46534E+01	 3.73222E+01	 3.47003E+01	 2.27244E+01	 2.94003E+01	 3.09152E+01	 2.76988E+01	 2.43702E+01	 2.21383E+01	 2.11209E+01	 1.48617E+01	 1.96793E+01	 1.03064E+01	 8.78057E+00	 1.29548E+01	 8.75851E+00	 7.13820E+00	 1.54744E+01	 2.21792E+01	 2.73748E+01	 1.94005E+01	 1.44649E+01	 2.68986E+01	 3.22604E+01	 2.18967E+01	 1.02952E+01	 5.41037E+00	 6.33326E+00	 7.18167E+00	 1.68643E+01	 1.97511E+01	 1.29649E+01	 8.52796E+00	 5.45004E+00	 5.45095E+00	 7.90159E+00	 9.31213E+00	 6.91394E+00	 9.28967E+00	 8.40868E+00	 1.52659E+01	 3.11046E+01	 2.42081E+01	 4.44161E+01	 5.83423E+01	 3.80268E+01	 2.34933E+01	 2.35191E+01	 2.54790E+01	 2.21798E+01	 2.23570E+01	 1.79389E+01	 8.63888E+00	 7.24475E+00	 1.02169E+01	 1.28004E+01	 1.58287E+01	 1.73862E+01	 9.27554E+00	 1.33500E+01	 6.89491E+00
 1.87729E+01	 2.31504E+01	 2.69599E+01	 2.79251E+01	 3.43319E+01	 4.00669E+01	 2.97821E+01	 2.76704E+01	 2.12395E+01	 2.26757E+01	 2.76505E+01	 2.28326E+01	 1.21444E+01	 8.92590E+00	 1.02278E+01	 7.71557E+00	 1.37737E+01	 2.00855E+01	 1.85641E+01	 1.88823E+01	 1.68250E+01	 1.90804E+01	 3.53722E+01	 3.70501E+01	 2.50290E+01	 1.45058E+01	 7.31478E+00	 7.39482E+00	 5.41267E+00	 9.57525E+00	 1.33067E+01	 7.78967E+00	 6.89178E+00	 6.27708E+00	 5.55902E+00	 6.21689E+00	 6.05854E+00	 9.78357E+00	 6.20619E+00	 1.12750E+01	 3.59504E+01	 4.06005E+01	 3.42975E+01	 4.25606E+01	 3.40615E+01	 2.90329E+01	 2.03346E+01	 1.73802E+01	 1.91569E+01	 2.00185E+01	 2.51988E+01	 2.13802E+01	 8.89147E+00	 6.34532E+00	 8.45036E+00	 1.29087E+01	 1.36070E+01	 1.86458E+01	 1.64644E+01	 7.56797E+00	 5.50474E+00
 1.65953E+01	 2.07909E+01	 2.10093E+01	 2.43890E+01	 2.77111E+01	 3.35011E+01	 3.52829E+01	 3.02941E+01	 2.88182E+01	 3.09507E+01	 4.20909E+01	 3.36138E+01	 1.66505E+01	 9.53326E+00	 6.30881E+00	 7.96022E+00	 1.56558E+01	 2.37506E+01	 1.82007E+01	 1.55505E+01	 1.48197E+01	 1.73709E+01	 2.49168E+01	 3.39509E+01	 3.37882E+01	 2.33064E+01	 9.46972E+00	 6.10004E+00	 6.89515E+00	 5.88886E+00	 7.73595E+00	 6.53298E+00	 7.02499E+00	 6.52111E+00	 4.52403E+00	 4.11223E+00	 4.75000E+00	 7.12237E+00	 8.34448E+00	 1.20597E+01	 3.62361E+01	 3.64751E+01	 3.47086E+01	 3.34697E+01	 3.39244E+01	 3.13382E+01	 2.97964E+01	 2.09749E+01	 2.43319E+01	 2.45678E+01	 2.44584E+01	 2.00835E+01	 1.09895E+01	 7.03166E+00	 1.16464E+01	 1.73624E+01	 1.70426E+01	 1.55688E+01	 1.36598E+01	 8.41121E+00	 5.55854E+00
 1.78346E+01	 2.11587E+01	 2.00846E+01	 1.99238E+01	 2.54186E+01	 3.12081E+01	 2.97081E+01	 2.95669E+01	 2.71390E+01	 3.33498E+01	 4.22694E+01	 4.10278E+01	 2.86003E+01	 1.70505E+01	 1.02503E+01	 9.05856E+00	 1.03278E+01	 1.14646E+01	 1.51412E+01	 1.71124E+01	 1.40027E+01	 1.68875E+01	 2.05185E+01	 2.90239E+01	 3.19249E+01	 2.50245E+01	 1.47162E+01	 7.85002E+00	 6.11114E+00	 4.50000E+00	 7.50000E+00	 5.41939E+00	 5.91383E+00	 7.00000E+00	 1.29963E+01	 1.94626E+01	 1.33556E+01	 1.04042E+01	 1.03585E+01	 1.36777E+01	 2.03877E+01	 2.55011E+01	 2.25626E+01	 2.14008E+01	 2.94249E+01	 3.93010E+01	 3.44010E+01	 3.23702E+01	 2.94383E+01	 2.66046E+01	 2.60872E+01	 1.49314E+01	 9.10320E+00	 1.22894E+01	 1.67564E+01	 1.90846E+01	 1.85872E+01	 1.76732E+01	 1.67084E+01	 1.08291E+01	 1.03521E+01
 2.29201E+01	 2.04201E+01	 1.81002E+01	 2.49895E+01	 2.64813E+01	 2.45674E+01	 2.37112E+01	 2.70682E+01	 2.03964E+01	 2.91505E+01	 3.57876E+01	 3.05376E+01	 2.35475E+01	 1.72505E+01	 1.40334E+01	 1.09001E+01	 7.55047E+00	 6.40023E+00	 9.18545E+00	 1.54417E+01	 1.47146E+01	 1.90277E+01	 2.58518E+01	 3.17036E+01	 2.76476E+01	 2.19662E+01	 1.69265E+01	 1.00878E+01	 5.67360E+00	 3.79367E+00	 4.69578E+00	 5.90211E+00	 1.01759E+01	 2.66362E+01	 3.64880E+01	 4.92635E+01	 4.28859E+01	 3.00267E+01	 2.12298E+01	 1.45333E+01	 1.54125E+01	 2.18777E+01	 1.59388E+01	 1.81524E+01	 2.54813E+01	 2.89758E+01	 2.61364E+01	 2.53064E+01	 2.38647E+01	 1.95305E+01	 1.43802E+01	 1.66841E+01	 8.88494E+00	 8.48776E+00	 1.09880E+01	 1.73266E+01	 2.01889E+01	 2.22361E+01	 1.73958E+01	 1.55426E+01	 1.39860E+01
 2.94586E+01	 2.72605E+01	 2.09662E+01	 2.02737E+01	 2.08195E+01	 2.06042E+01	 2.11271E+01	 2.22376E+01	 2.02171E+01	 1.90567E+01	 2.00533E+01	 1.30409E+01	 1.09083E+01	 1.37112E+01	 1.64251E+01	 1.52808E+01	 8.99299E+00	 6.00000E+00	 5.50000E+00	 7.64632E+00	 1.82511E+01	 2.83638E+01	 3.46698E+01	 3.97393E+01	 3.86277E+01	 3.21010E+01	 2.34150E+01	 1.19662E+01	 5.81478E+00	 7.70633E+00	 8.66267E+00	 1.63502E+01	 3.52808E+01	 5.64920E+01	 5.92657E+01	 5.89099E+01	 7.50961E+01	 7.67512E+01	 5.00664E+01	 3.28174E+01	 3.19933E+01	 3.43005E+01	 2.34504E+01	 1.33518E+01	 1.35776E+01	 2.38304E+01	 2.47605E+01	 2.53722E+01	 2.19611E+01	 1.60311E+01	 1.35533E+01	 1.56979E+01	 1.37925E+01	 1.34080E+01	 1.24388E+01	 1.79004E+01	 2.15321E+01	 1.84833E+01	 1.59869E+01	 1.38802E+01	 8.18321E+00
 2.18529E+01	 3.07447E+01	 2.64005E+01	 2.32219E+01	 2.21323E+01	 2.18197E+01	 1.96988E+01	 2.11277E+01	 2.11988E+01	 1.24389E+01	 5.80856E+00	 8.42322E+00	 8.96689E+00	 1.63889E+01	 1.77959E+01	 1.30348E+01	 8.14863E+00	 5.59452E+00	 6.18112E+00	 8.38339E+00	 2.09012E+01	 2.91371E+01	 2.78814E+01	 3.27997E+01	 3.10008E+01	 2.28795E+01	 1.54734E+01	 7.20640E+00	 4.88556E+00	 5.14257E+00	 2.06855E+01	 4.45507E+01	 6.27393E+01	 7.90949E+01	 8.49867E+01	 7.40575E+01	 7.38088E+01	 7.95615E+01	 6.03155E+01	 3.49933E+01	 4.84641E+01	 5.95575E+01	 3.72512E+01	 1.79550E+01	 1.25682E+01	 1.36043E+01	 1.60388E+01	 1.93215E+01	 1.76127E+01	 1.22849E+01	 1.13256E+01	 1.65426E+01	 3.23864E+01	 3.78116E+01	 2.83546E+01	 2.53116E+01	 2.26302E+01	 1.35093E+01	 1.09322E+01	 1.15457E+01	 1.04002E+01
 1.46003E+01	 3.84685E+01	 6.54724E+01	 5.67176E+01	 3.26295E+01	 2.28372E+01	 2.21504E+01	 1.79530E+01	 1.23883E+01	 8.49982E+00	 7.56952E+00	 6.00021E+00	 1.02418E+01	 1.54087E+01	 1.16855E+01	 6.99377E+00	 6.49890E+00	 5.72705E+00	 6.24890E+00	 7.13888E+00	 1.83372E+01	 3.13509E+01	 3.71022E+01	 3.51022E+01	 2.63795E+01	 1.65426E+01	 7.36171E+00	 6.29041E+00	 7.95837E+00	 1.52737E+01	 4.28682E+01	 6.96510E+01	 6.58356E+01	 5.93116E+01	 5.65030E+01	 5.61959E+01	 7.66243E+02	 7.45174E+02	 5.17416E+01	 5.51305E+01	 5.64716E+01	 7.21385E+01	 6.03331E+01	 3.49390E+01	 1.99813E+01	 1.00466E+01	 8.49183E+00	 8.71491E+00	 6.85414E+00	 8.25637E+00	 8.65796E+00	 1.51127E+01	 2.94508E+01	 3.84335E+01	 4.37666E+01	 3.60926E+01	 2.06889E+01	 8.62955E+00	 6.43220E+00	 7.82898E+00	 7.14515E+00
 9.24580E+00	 2.46666E+01	 5.91057E+01	 6.68219E+01	 4.36400E+01	 3.26945E+01	 3.15135E+01	 1.56043E+01	 7.65829E+00	 8.01434E+00	 7.09001E+00	 7.30622E+00	 6.98552E+00	 6.92590E+00	 7.07934E+00	 6.69589E+00	 6.04726E+00	 6.03779E+00	 6.33617E+00	 5.40664E+00	 8.56819E+00	 1.97585E+01	 2.66003E+01	 2.97505E+01	 2.86897E+01	 1.72667E+01	 9.35002E+00	 6.08271E+00	 6.10320E+00	 2.08802E+01	 4.93208E+01	 6.79417E+01	 5.98509E+01	 5.31945E+01	 5.25323E+01	 5.63461E+01	 5.95564E+01	 5.04106E+01	 4.31569E+01	 3.40278E+01	 3.33824E+01	 3.79546E+01	 5.68770E+01	 5.72651E+01	 3.00145E+01	 9.01703E+00	 6.70445E+00	 5.29041E+00	 6.98631E+00	 6.85698E+00	 1.01415E+01	 1.06018E+01	 1.50105E+01	 3.37771E+01	 5.13492E+01	 4.00588E+01	 2.08748E+01	 1.22737E+01	 7.34448E+00	 7.75273E+00	 6.35954E+00
 4.99315E+00	 1.31584E+01	 2.13023E+01	 2.44505E+01	 2.69760E+01	 2.36029E+01	 1.39655E+01	 6.14863E+00	 7.25010E+00	 1.23502E+01	 1.46390E+01	 1.05511E+01	 8.46043E+00	 6.76703E+00	 6.32766E+00	 7.65559E+00	 8.18355E+00	 5.93994E+00	 3.70445E+00	 5.41356E+00	 7.36441E+00	 1.32156E+01	 2.31512E+01	 2.93871E+01	 2.70207E+01	 2.06839E+01	 1.41766E+01	 8.89627E+00	 7.62238E+00	 1.55511E+01	 3.36945E+01	 5.92952E+01	 5.71313E+01	 6.02754E+01	 6.98129E+01	 6.16010E+01	 6.26917E+01	 6.04171E+01	 3.78129E+01	 2.06798E+01	 2.95245E+01	 3.28001E+01	 3.64514E+01	 4.03017E+01	 2.84417E+01	 1.36302E+01	 8.87713E+00	 9.38835E+00	 8.84532E+00	 9.36589E+00	 9.30332E+00	 1.24790E+01	 1.38795E+01	 2.97514E+01	 4.99951E+01	 5.11565E+01	 3.91744E+01	 2.25774E+01	 1.22740E+01	 9.41267E+00	 6.63217E+00
 7.19589E+00	 7.49171E+00	 1.23617E+01	 1.88287E+01	 1.21840E+01	 8.17590E+00	 6.45152E+00	 6.95445E+00	 1.14482E+01	 1.71512E+01	 3.06506E+01	 3.56042E+01	 2.25055E+01	 1.14937E+01	 5.73767E+00	 5.43355E+00	 6.31669E+00	 5.19816E+00	 4.20633E+00	 4.13778E+00	 6.69816E+00	 1.00697E+01	 1.67208E+01	 2.23912E+01	 2.07313E+01	 1.52473E+01	 1.33054E+01	 1.38003E+01	 1.71243E+01	 1.87208E+01	 1.42926E+01	 2.69837E+01	 5.02010E+01	 6.67512E+01	 7.53900E+01	 7.19296E+01	 6.93555E+01	 6.11777E+01	 3.96010E+01	 2.10005E+01	 2.44012E+01	 2.88682E+01	 3.86694E+01	 5.06016E+01	 4.69620E+01	 3.11089E+01	 2.10917E+01	 2.45506E+01	 1.72490E+01	 1.28627E+01	 1.34277E+01	 1.93115E+01	 2.91022E+01	 3.23086E+01	 4.36618E+01	 4.72013E+01	 3.98011E+01	 2.77739E+01	 1.34238E+01	 7.54491E+00	 7.46542E+00
 5.65423E+00	 5.70274E+00	 6.18355E+00	 7.94906E+00	 7.57398E+00	 8.61995E+00	 8.75949E+00	 1.12126E+01	 1.18001E+01	 2.35245E+01	 4.00873E+01	 4.29699E+01	 3.27009E+01	 2.10360E+01	 8.30622E+00	 6.70569E+00	 8.42360E+00	 5.38093E+00	 5.68167E+00	 6.65664E+00	 4.59577E+00	 7.51743E+00	 1.10321E+01	 1.24734E+01	 1.86202E+01	 1.79798E+01	 2.70459E+01	 3.65626E+01	 2.51725E+01	 2.36003E+01	 2.17036E+01	 1.79599E+01	 4.36650E+01	 7.16405E+01	 6.68012E+01	 5.95210E+01	 6.51015E+01	 5.29011E+01	 2.83871E+01	 2.73178E+01	 2.69990E+01	 2.66147E+01	 2.78164E+01	 3.41560E+01	 3.80712E+01	 3.88278E+01	 3.40262E+01	 2.21085E+01	 1.68480E+01	 1.16004E+01	 1.51458E+01	 2.46276E+01	 3.12010E+01	 3.90431E+01	 4.38062E+01	 4.29055E+01	 4.28516E+01	 3.01405E+01	 1.45659E+01	 1.60945E+01	 1.48003E+01
 5.75554E+00	 4.97453E+00	 1.11988E+01	 1.29504E+01	 1.15341E+01	 1.11202E+01	 9.98054E+00	 1.17670E+01	 1.52777E+01	 2.48968E+01	 3.00671E+01	 3.48712E+01	 3.47882E+01	 3.82575E+01	 3.06652E+01	 2.16809E+01	 1.02904E+01	 7.00485E+00	 4.99446E+00	 4.47667E+00	 4.76905E+00	 5.25000E+00	 6.70837E+00	 8.47576E+00	 8.81478E+00	 1.36504E+01	 3.06009E+01	 4.99157E+01	 5.46310E+01	 3.11650E+01	 1.67957E+01	 1.48445E+01	 2.73007E+01	 4.83859E+01	 4.30376E+01	 3.25329E+01	 3.82934E+01	 3.11511E+01	 1.99851E+01	 1.95826E+01	 1.98619E+01	 2.08266E+01	 3.40334E+01	 3.55901E+01	 2.77876E+01	 2.46209E+01	 1.96182E+01	 1.75616E+01	 1.24895E+01	 1.55533E+01	 1.46390E+01	 2.11420E+01	 3.28968E+01	 3.73450E+01	 4.20166E+01	 4.27133E+01	 3.75286E+01	 2.39719E+01	 1.79012E+01	 2.19446E+01	 1.96046E+01
 1.02481E+01	 1.47793E+01	 9.59309E+00	 8.46706E+00	 1.09726E+01	 8.38402E+00	 8.55066E+00	 9.77270E+00	 1.82219E+01	 3.15605E+01	 2.40917E+01	 2.40872E+01	 2.11119E+01	 3.73682E+01	 4.14790E+01	 2.73912E+01	 2.01757E+01	 1.71558E+01	 6.57140E+00	 7.25000E+00	 5.87383E+00	 5.00000E+00	 5.05255E+00	 6.70560E+00	 6.48631E+00	 8.74183E+00	 3.57054E+01	 6.45235E+01	 4.30756E+01	 2.70334E+01	 1.29798E+01	 1.90596E+01	 2.53181E+01	 1.81362E+01	 1.35771E+01	 1.29960E+01	 2.41022E+01	 4.89809E+01	 5.14047E+01	 5.08409E+01	 4.57694E+01	 5.39969E+01	 5.47916E+01	 6.16992E+01	 6.18398E+01	 5.11127E+01	 2.41005E+01	 1.31201E+01	 1.91018E+01	 2.32036E+01	 2.25105E+01	 2.54249E+01	 3.48847E+01	 2.96987E+01	 2.77009E+01	 3.08510E+01	 2.07657E+01	 1.79389E+01	 1.80006E+01	 2.16046E+01	 1.35505E+01
 1.60207E+01	 1.37333E+01	 1.51809E+01	 1.83787E+01	 1.12305E+01	 1.00564E+01	 1.21809E+01	 1.14834E+01	 1.36666E+01	 1.65872E+01	 1.86143E+01	 1.51751E+01	 1.40027E+01	 2.59012E+01	 4.19010E+01	 2.85464E+01	 1.77834E+01	 1.78023E+01	 7.56778E+00	 7.13494E+00	 1.10482E+01	 6.20560E+00	 5.94304E+00	 5.92829E+00	 6.72667E+00	 6.68937E+00	 1.81505E+01	 3.63514E+01	 4.71009E+01	 3.23372E+01	 5.07337E+01	 5.59505E+01	 4.09204E+01	 1.32156E+01	 8.71738E+00	 8.54726E+00	 1.56777E+01	 1.84530E+01	 3.03122E+01	 5.57006E+01	 7.56068E+01	 8.48230E+01	 6.33815E+01	 5.22513E+01	 6.24521E+01	 5.55659E+01	 1.60695E+01	 1.16134E+01	 2.47408E+01	 2.76652E+01	 3.18464E+01	 3.04198E+01	 4.36319E+01	 3.59244E+01	 2.55951E+01	 2.71599E+01	 2.00961E+01	 1.92808E+01	 2.64383E+01	 3.39633E+01	 2.09998E+01
 1.21455E+01	 1.20681E+01	 1.68873E+01	 1.54888E+01	 1.38208E+01	 1.06499E+01	 1.35504E+01	 1.75511E+01	 2.29639E+01	 2.55851E+01	 2.59069E+01	 3.23893E+01	 2.73116E+01	 3.94908E+01	 4.24761E+01	 3.35681E+01	 2.14311E+01	 1.39117E+01	 1.25064E+01	 1.02170E+01	 1.85523E+01	 9.40211E+00	 7.11334E+00	 6.50000E+00	 7.91673E+00	 6.78965E+00	 9.72514E+00	 2.37725E+01	 4.91128E+01	 6.77007E+01	 6.97508E+01	 4.35790E+01	 2.78253E+01	 1.70586E+01	 7.39147E+00	 6.61944E+00	 7.72778E+00	 1.09860E+01	 3.56372E+01	 5.01245E+01	 5.18752E+01	 5.66455E+01	 6.13510E+01	 5.77014E+01	 6.92533E+01	 4.65583E+01	 1.83959E+01	 2.08472E+01	 3.33777E+01	 3.75330E+01	 4.01694E+01	 4.78912E+01	 4.63597E+01	 3.58788E+01	 2.69776E+01	 2.64994E+01	 2.52290E+01	 2.32928E+01	 1.83682E+01	 2.60185E+01	 1.84583E+01
 1.05080E+01	 1.34484E+01	 1.98873E+01	 1.38963E+01	 1.49948E+01	 1.50606E+01	 1.42010E+01	 1.79510E+01	 3.15712E+01	 4.03047E+01	 3.45669E+01	 3.29702E+01	 3.62888E+01	 3.35721E+01	 4.17036E+01	 3.32343E+01	 1.61639E+01	 1.55596E+01	 2.45319E+01	 2.28002E+01	 7.99867E+00	 5.55669E+00	 6.86441E+00	 6.40211E+00	 6.74890E+00	 1.17521E+01	 1.04017E+01	 1.11830E+01	 3.06809E+01	 7.27036E+01	 9.08106E+01	 5.33752E+01	 3.12112E+01	 1.79880E+01	 1.06463E+01	 1.34003E+01	 8.63612E+00	 6.15416E+00	 2.30972E+01	 4.83010E+01	 4.61945E+01	 5.77478E+01	 5.09106E+01	 4.55278E+01	 6.75023E+01	 5.14918E+01	 1.96839E+01	 3.08743E+01	 3.14813E+01	 4.19492E+01	 5.55963E+01	 4.90383E+01	 4.90196E+01	 2.91917E+01	 2.33498E+01	 2.23489E+01	 2.08893E+01	 2.17772E+01	 1.87313E+01	 1.69383E+01	 2.23958E+01
 2.05097E+01	 2.55674E+01	 2.50669E+01	 1.55521E+01	 9.60013E+00	 1.06187E+01	 1.31643E+01	 1.88974E+01	 3.46606E+01	 4.77718E+01	 3.37505E+01	 3.36228E+01	 3.34099E+01	 2.27981E+01	 2.29805E+01	 1.79482E+01	 1.52926E+01	 1.91134E+01	 1.76415E+01	 1.09443E+01	 5.92727E+00	 8.48009E+00	 1.00473E+01	 8.80108E+00	 1.47528E+01	 1.56979E+01	 1.60341E+01	 1.76415E+01	 2.20135E+01	 3.85586E+01	 4.15441E+01	 4.12583E+01	 3.86066E+01	 1.39479E+01	 1.54139E+01	 2.44497E+01	 6.04030E+00	 6.19994E+00	 1.94257E+01	 3.48116E+01	 4.50434E+01	 4.66010E+01	 4.25382E+01	 5.57882E+01	 6.12861E+01	 4.39416E+01	 2.40961E+01	 3.37876E+01	 3.51042E+01	 4.44047E+01	 6.88251E+01	 5.44907E+01	 3.72261E+01	 1.88023E+01	 1.61406E+01	 3.79985E+01	 2.99985E+01	 2.64201E+01	 2.29611E+01	 2.28274E+01	 1.76701E+01
 1.93116E+01	 2.54204E+01	 2.04152E+01	 9.55318E+00	 7.16729E+00	 8.64038E+00	 1.70028E+01	 2.30586E+01	 3.26371E+01	 4.12064E+01	 4.42772E+01	 4.70323E+01	 3.57685E+01	 1.72380E+01	 1.39925E+01	 1.90105E+01	 3.00334E+01	 3.03514E+01	 1.54973E+01	 8.80422E+00	 1.41811E+01	 1.17982E+01	 8.90559E+00	 1.18378E+01	 1.33003E+01	 1.23023E+01	 1.42083E+01	 1.61809E+01	 1.36002E+01	 9.50277E+00	 2.01890E+01	 3.08510E+01	 2.42860E+01	 2.22337E+01	 2.54572E+01	 2.80507E+01	 1.44278E+01	 5.12178E+00	 1.68964E+01	 3.58795E+01	 5.37440E+01	 4.53301E+01	 4.60615E+01	 4.91310E+01	 5.28476E+01	 3.41010E+01	 2.12740E+01	 2.34251E+01	 2.61302E+01	 4.46046E+01	 7.56511E+01	 4.53009E+01	 2.35523E+01	 1.09207E+01	 8.08458E+00	 2.41046E+01	 3.48409E+01	 2.84507E+01	 2.23174E+01	 1.96127E+01	 1.69506E+01
 1.65002E+01	 1.62048E+01	 8.91037E+00	 1.21362E+01	 1.30104E+01	 1.27001E+01	 1.83453E+01	 2.52504E+01	 1.75348E+01	 1.80180E+01	 2.79201E+01	 3.32139E+01	 2.37332E+01	 1.63502E+01	 1.39388E+01	 1.58504E+01	 2.52739E+01	 2.76824E+01	 1.25511E+01	 1.77083E+01	 3.47348E+01	 4.03169E+01	 2.16171E+01	 1.32552E+01	 1.07755E+01	 1.01750E+01	 8.58915E+00	 8.63336E+00	 8.27260E+00	 9.43094E+00	 1.43023E+01	 2.08346E+01	 1.98964E+01	 2.84957E+01	 2.03274E+01	 1.35449E+01	 7.55881E+00	 8.27343E+00	 1.97008E+01	 2.99559E+01	 3.98116E+01	 3.92166E+01	 3.79626E+01	 4.63987E+01	 5.22871E+01	 3.09364E+01	 1.23166E+01	 1.40321E+01	 1.69322E+01	 2.14639E+01	 2.59536E+01	 1.52083E+01	 1.10756E+01	 8.25000E+00	 8.84789E+00	 9.90166E+00	 1.69249E+01	 2.03417E+01	 2.16467E+01	 1.51381E+01	 8.85034E+00
 9.96257E+00	 7.27796E+00	 1.04633E+01	 8.08458E+00	 1.14832E+01	 1.65669E+01	 1.41208E+01	 1.21362E+01	 1.39570E+01	 1.93005E+01	 2.30726E+01	 1.99468E+01	 1.58003E+01	 1.75000E+01	 1.97003E+01	 1.96511E+01	 1.93585E+01	 1.30348E+01	 9.46706E+00	 2.23497E+01	 2.66599E+01	 3.41228E+01	 2.51117E+01	 1.51638E+01	 1.21822E+01	 1.28215E+01	 1.11793E+01	 8.77506E+00	 7.72497E+00	 8.89038E+00	 1.51006E+01	 2.20715E+01	 2.34760E+01	 2.56883E+01	 1.53453E+01	 6.43167E+00	 6.22535E+00	 7.68299E+00	 1.35403E+01	 1.84186E+01	 3.54225E+01	 4.37388E+01	 4.18508E+01	 3.78461E+01	 3.39290E+01	 2.61248E+01	 1.52234E+01	 1.88787E+01	 2.28115E+01	 2.09837E+01	 1.22528E+01	 8.14515E+00	 8.41267E+00	 5.94098E+00	 6.88339E+00	 7.98054E+00	 9.68670E+00	 1.65028E+01	 1.44416E+01	 8.46702E+00	 4.75000E+00
 8.47976E+00	 9.11807E+00	 9.32273E+00	 1.13256E+01	 1.33291E+01	 1.84139E+01	 1.51127E+01	 1.53253E+01	 1.42102E+01	 1.28673E+01	 1.63915E+01	 1.68378E+01	 1.79309E+01	 1.67740E+01	 1.68445E+01	 2.36499E+01	 2.45585E+01	 1.62691E+01	 1.79201E+01	 2.82657E+01	 2.97597E+01	 2.28619E+01	 1.71119E+01	 1.96119E+01	 2.01652E+01	 1.99058E+01	 1.47194E+01	 1.04249E+01	 9.47497E+00	 8.46547E+00	 1.23378E+01	 1.86704E+01	 2.07981E+01	 2.01512E+01	 1.34001E+01	 7.73767E+00	 5.74439E+00	 7.69159E+00	 5.93884E+00	 6.71678E+00	 1.60237E+01	 3.21519E+01	 4.08947E+01	 3.43733E+01	 3.09664E+01	 1.50505E+01	 1.22004E+01	 1.42290E+01	 1.61528E+01	 2.22351E+01	 1.02444E+01	 6.83061E+00	 8.83271E+00	 1.34232E+01	 1.66666E+01	 1.12473E+01	 1.56287E+01	 1.82126E+01	 7.69788E+00	 6.64468E+00	 7.34236E+00
 7.34452E+00	 9.34469E+00	 1.02552E+01	 1.06018E+01	 1.11287E+01	 1.20048E+01	 1.02833E+01	 8.35636E+00	 9.45414E+00	 9.55856E+00	 1.16652E+01	 1.39649E+01	 1.52688E+01	 1.61323E+01	 1.84851E+01	 2.38266E+01	 3.07975E+01	 2.43164E+01	 1.93871E+01	 2.67388E+01	 2.78938E+01	 1.90360E+01	 1.97086E+01	 1.98169E+01	 2.00058E+01	 1.86543E+01	 1.94479E+01	 1.37729E+01	 9.21257E+00	 7.33915E+00	 1.15409E+01	 1.93873E+01	 2.51890E+01	 1.56563E+01	 7.21702E+00	 4.84452E+00	 4.11875E+00	 5.91589E+00	 6.20794E+00	 5.01055E+00	 1.66639E+01	 3.85160E+01	 3.47830E+01	 1.93304E+01	 1.60596E+01	 1.60615E+01	 1.34003E+01	 1.38619E+01	 1.56505E+01	 1.25256E+01	 6.79030E+00	 7.30592E+00	 8.60853E+00	 1.66792E+01	 1.73215E+01	 1.13889E+01	 1.62360E+01	 1.60511E+01	 1.13293E+01	 9.39632E+00	 6.58458E+00
 5.42926E+00	 5.81669E+00	 9.20414E+00	 9.50485E+00	 1.63634E+01	 1.55715E+01	 8.79257E+00	 8.71328E+00	 1.19644E+01	 1.19355E+01	 9.19168E+00	 1.01889E+01	 1.30052E+01	 1.51984E+01	 2.31704E+01	 2.54706E+01	 2.89627E+01	 2.13164E+01	 1.91628E+01	 1.94042E+01	 1.44042E+01	 1.50290E+01	 2.03085E+01	 2.74832E+01	 2.78421E+01	 3.04608E+01	 3.36543E+01	 2.03398E+01	 1.24416E+01	 9.31478E+00	 8.91330E+00	 1.19002E+01	 1.14656E+01	 7.36900E+00	 4.63958E+00	 5.87816E+00	 4.97576E+00	 5.43545E+00	 5.74890E+00	 6.52111E+00	 3.35655E+01	 4.53463E+01	 2.33503E+01	 9.52506E+00	 7.88494E+00	 1.18378E+01	 1.03543E+01	 1.03529E+01	 1.10528E+01	 1.60688E+01	 2.03188E+01	 1.29251E+01	 7.86481E+00	 8.57295E+00	 9.06478E+00	 7.13697E+00	 9.12124E+00	 1.14876E+01	 1.33084E+01	 1.76587E+01	 1.48690E+01
 7.91522E+00	 7.22744E+00	 7.75485E+00	 1.60189E+01	 2.24063E+01	 2.50766E+01	 1.47834E+01	 5.69816E+00	 4.78888E+00	 7.10844E+00	 6.74867E+00	 9.74439E+00	 1.18194E+01	 1.42740E+01	 1.68624E+01	 1.98141E+01	 2.25334E+01	 1.92220E+01	 1.54110E+01	 1.22777E+01	 1.14341E+01	 1.76323E+01	 2.63516E+01	 4.62509E+01	 5.51992E+01	 6.35381E+01	 5.07613E+01	 3.45511E+01	 1.91725E+01	 8.12809E+00	 6.99254E+00	 1.11979E+01	 1.53473E+01	 1.01766E+01	 5.21547E+00	 6.15190E+00	 5.20633E+00	 4.21678E+00	 4.08177E+00	 7.24754E+00	 3.30664E+01	 6.31015E+01	 5.27012E+01	 2.12505E+01	 6.65623E+00	 5.40623E+00	 7.54257E+00	 1.12005E+01	 8.82911E+00	 6.72339E+00	 1.53174E+01	 2.34819E+01	 2.02219E+01	 1.28503E+01	 9.35023E+00	 7.20025E+00	 8.61869E+00	 6.77111E+00	 1.12606E+01	 1.74311E+01	 1.35753E+01
 9.70640E+00	 1.05303E+01	 1.49309E+01	 1.68532E+01	 2.38964E+01	 3.67876E+01	 2.76006E+01	 1.21274E+01	 6.26055E+00	 5.79537E+00	 9.44816E+00	 1.53671E+01	 1.67688E+01	 1.29662E+01	 9.93545E+00	 1.05080E+01	 1.53228E+01	 1.64139E+01	 1.22473E+01	 1.33195E+01	 1.35003E+01	 1.34833E+01	 2.61147E+01	 2.96085E+01	 3.65761E+01	 4.97169E+01	 4.94506E+01	 4.24012E+01	 2.74392E+01	 1.44152E+01	 7.83963E+00	 6.13623E+00	 6.01743E+00	 5.67322E+00	 6.20152E+00	 5.22667E+00	 5.20633E+00	 4.45463E+00	 4.52278E+00	 5.46844E+00	 1.31029E+01	 2.51668E+01	 3.15334E+01	 2.89438E+01	 1.55396E+01	 9.30210E+00	 8.27111E+00	 1.02099E+01	 9.36223E+00	 6.71738E+00	 9.92647E+00	 1.62808E+01	 1.98938E+01	 1.84211E+01	 1.55721E+01	 1.32343E+01	 9.90983E+00	 1.11334E+01	 1.11855E+01	 1.50697E+01	 1.27833E+01
 1.11447E+01	 1.00709E+01	 1.59488E+01	 1.90548E+01	 1.61778E+01	 2.13290E+01	 2.13271E+01	 1.80028E+01	 1.22056E+01	 7.37430E+00	 7.60004E+00	 1.17171E+01	 1.16652E+01	 1.16218E+01	 7.52294E+00	 7.33126E+00	 9.13623E+00	 1.34948E+01	 1.88503E+01	 1.78964E+01	 1.54341E+01	 1.45504E+01	 1.77208E+01	 2.13795E+01	 2.44507E+01	 3.22255E+01	 3.69929E+01	 3.65210E+01	 4.47356E+01	 4.81022E+01	 3.62313E+01	 1.67725E+01	 6.57086E+00	 4.65179E+00	 5.62148E+00	 5.96786E+00	 5.21678E+00	 6.91267E+00	 4.95444E+00	 5.65548E+00	 9.64178E+00	 2.28005E+01	 3.20007E+01	 2.23417E+01	 1.06611E+01	 5.08126E+00	 1.04880E+01	 1.21943E+01	 9.31478E+00	 5.91267E+00	 6.26055E+00	 5.05379E+00	 4.51606E+00	 7.24067E+00	 1.24443E+01	 1.60804E+01	 1.65422E+01	 1.30402E+01	 1.33503E+01	 1.78208E+01	 1.37166E+01
 8.12178E+00	 1.33337E+01	 1.73518E+01	 2.46004E+01	 4.10506E+01	 4.03174E+01	 2.84656E+01	 1.54878E+01	 7.24867E+00	 4.97722E+00	 9.98755E+00	 1.75917E+01	 2.03174E+01	 1.43518E+01	 1.12102E+01	 7.34448E+00	 8.03406E+00	 9.11171E+00	 9.96022E+00	 1.36464E+01	 1.41901E+01	 1.36070E+01	 1.42786E+01	 1.70154E+01	 2.00697E+01	 2.19232E+01	 1.78398E+01	 2.50092E+01	 3.83526E+01	 5.11129E+01	 4.36741E+01	 2.18005E+01	 7.31118E+00	 7.04163E+00	 6.08606E+00	 4.51865E+00	 4.74766E+00	 5.81478E+00	 5.51865E+00	 6.57962E+00	 9.26743E+00	 1.96223E+01	 2.35012E+01	 1.39627E+01	 6.67322E+00	 4.30902E+00	 5.99563E+00	 5.96151E+00	 6.06478E+00	 5.60004E+00	 6.39178E+00	 5.40211E+00	 5.04335E+00	 5.25140E+00	 1.57548E+01	 2.54204E+01	 2.74507E+01	 2.02659E+01	 1.01125E+01	 8.98331E+00	 6.64300E+00
 7.34309E+00	 8.64627E+00	 1.34938E+01	 2.19649E+01	 2.86751E+01	 3.00255E+01	 2.75596E+01	 1.77050E+01	 1.60533E+01	 1.70513E+01	 2.78489E+01	 3.83819E+01	 3.49547E+01	 2.86668E+01	 2.37767E+01	 1.88890E+01	 1.26281E+01	 1.25562E+01	 1.15523E+01	 1.23471E+01	 1.49232E+01	 1.76476E+01	 1.77337E+01	 1.58372E+01	 1.32030E+01	 1.55048E+01	 1.85804E+01	 2.19691E+01	 2.04813E+01	 1.99238E+01	 1.47841E+01	 7.55669E+00	 7.30636E+00	 7.09469E+00	 7.89440E+00	 7.89440E+00	 6.54997E+00	 6.46151E+00	 5.37237E+00	 6.02796E+00	 6.55592E+00	 1.33059E+01	 1.56652E+01	 1.13067E+01	 8.01606E+00	 6.28998E+00	 5.40548E+00	 5.00000E+00	 5.50474E+00	 5.70569E+00	 6.35844E+00	 7.29537E+00	 9.12238E+00	 9.86352E+00	 1.52112E+01	 2.67036E+01	 2.45898E+01	 1.31675E+01	 4.33083E+00	 5.94139E+00	 5.05379E+00
 8.00000E+00	 9.69788E+00	 1.24361E+01	 1.34482E+01	 9.30006E+00	 1.24656E+01	 1.72926E+01	 1.74599E+01	 2.37099E+01	 2.23647E+01	 3.00989E+01	 4.04519E+01	 4.30434E+01	 3.89888E+01	 3.44099E+01	 3.13208E+01	 3.47935E+01	 3.75150E+01	 3.69676E+01	 2.73542E+01	 2.30097E+01	 1.73106E+01	 1.51119E+01	 1.33964E+01	 1.34875E+01	 1.24550E+01	 1.22981E+01	 1.15449E+01	 1.22448E+01	 1.22155E+01	 6.79041E+00	 6.74315E+00	 9.82833E+01	 1.72358E+02	 6.19168E+00	 6.10420E+00	 6.35004E+00	 5.83061E+00	 6.05422E+00	 7.01055E+00	 6.18355E+00	 8.14171E+00	 6.95445E+00	 7.97576E+00	 9.24440E+00	 5.98331E+00	 7.12430E+00	 9.99580E+00	 6.49315E+00	 6.40190E+00	 5.74474E+00	 9.40166E+00	 9.43619E+00	 8.86736E+00	 8.57150E+00	 1.00255E+01	 1.31979E+01	 1.62502E+01	 1.15670E+01	 8.10002E+00	 9.73595E+00
 5.98009E+00	 8.10214E+00	 1.05851E+01	 8.74867E+00	 8.25000E+00	 8.30279E+00	 6.75000E+00	 7.50000E+00	 6.54997E+00	 1.14726E+01	 2.01393E+01	 3.62898E+01	 5.15469E+01	 5.29478E+01	 3.75638E+01	 4.80545E+01	 5.22522E+01	 5.30860E+01	 5.32590E+01	 4.15883E+01	 2.40805E+01	 1.66521E+01	 1.45188E+01	 1.17343E+01	 1.14292E+01	 1.08372E+01	 9.92514E+00	 9.08679E+00	 1.56002E+01	 2.01502E+01	 1.06056E+01	 5.46689E+00	 6.45633E+00	 7.36180E+00	 9.74813E+00	 1.21004E+01	 2.34933E+01	 2.84150E+01	 1.46127E+01	 5.08906E+00	 7.00000E+00	 6.46043E+00	 5.14632E+00	 6.30592E+00	 1.39564E+01	 1.68949E+01	 1.24691E+01	 1.12448E+01	 8.28057E+00	 5.17357E+00	 7.14515E+00	 7.49067E+00	 1.04024E+01	 1.74406E+01	 2.48506E+01	 3.37371E+01	 2.99588E+01	 2.33398E+01	 2.64662E+01	 2.63181E+01	 2.14390E+01
 8.36900E+00	 5.19993E+00	 1.01389E+01	 1.54017E+01	 6.75474E+00	 7.22576E+00	 1.13111E+01	 7.16121E+00	 5.68112E+00	 5.50000E+00	 1.27402E+01	 3.17861E+01	 6.35022E+01	 8.83846E+01	 9.67032E+01	 9.57381E+01	 9.97206E+01	 8.59973E+01	 8.75997E+01	 5.91522E+01	 3.75512E+01	 1.69581E+01	 1.38976E+01	 1.57036E+01	 1.68148E+01	 1.52337E+01	 9.50277E+00	 7.22514E+00	 1.76463E+01	 2.04001E+01	 1.11723E+01	 7.40190E+00	 7.74438E+00	 7.44589E+00	 1.03944E+01	 2.30898E+01	 5.17522E+01	 6.39510E+01	 4.73967E+01	 2.17380E+01	 2.02064E+01	 2.32099E+01	 2.74238E+01	 4.05011E+01	 4.09150E+01	 4.60669E+01	 2.90674E+01	 1.46018E+01	 9.76274E+00	 9.16394E+00	 1.23671E+01	 1.76701E+01	 2.91507E+01	 4.19010E+01	 3.53847E+01	 3.84512E+01	 6.03013E+01	 6.15196E+01	 5.10268E+01	 2.62834E+01	 1.25308E+01
 8.45095E+00	 5.52639E+00	 8.41915E+00	 1.62966E+01	 1.10862E+01	 1.39917E+01	 2.34595E+01	 2.40360E+01	 2.11005E+01	 1.50168E+01	 8.05167E+00	 1.09463E+01	 2.24876E+01	 4.07710E+01	 6.19378E+01	 8.20820E+01	 7.95304E+01	 8.49665E+01	 8.22126E+01	 6.09422E+01	 5.20361E+01	 3.04508E+01	 1.57351E+01	 1.36415E+01	 2.13181E+01	 2.12313E+01	 1.31617E+01	 1.08870E+01	 8.66658E+00	 9.34579E+00	 6.87874E+00	 8.49474E+00	 4.96689E+00	 7.56478E+00	 1.56070E+01	 4.73008E+01	 5.74185E+01	 4.93012E+01	 4.02575E+01	 5.31997E+01	 5.23516E+01	 5.19522E+01	 4.98188E+01	 4.45007E+01	 4.02127E+01	 2.70951E+01	 1.56415E+01	 1.32102E+01	 1.11171E+01	 1.23617E+01	 1.89099E+01	 2.13009E+01	 3.31694E+01	 4.65659E+01	 4.29072E+01	 3.33221E+01	 3.49005E+01	 5.62762E+01	 7.10016E+01	 4.18522E+01	 1.06598E+01
 8.21390E+00	 5.50000E+00	 6.50685E+00	 7.46180E+00	 1.31736E+01	 2.11997E+01	 3.22506E+01	 2.77008E+01	 2.91507E+01	 1.41766E+01	 6.67234E+00	 6.74813E+00	 5.53437E+00	 8.06672E+00	 3.09694E+01	 5.76001E+01	 7.84881E+01	 9.05027E+01	 7.54388E+01	 5.88225E+01	 3.32871E+01	 1.75715E+01	 1.01732E+01	 1.48033E+01	 2.37860E+01	 2.70527E+01	 1.72490E+01	 1.28291E+01	 1.14117E+01	 8.67360E+00	 1.07481E+01	 6.96221E+00	 5.19589E+00	 7.90211E+00	 2.86381E+01	 4.71014E+01	 4.84009E+01	 5.59019E+01	 4.90157E+01	 5.38129E+01	 5.12011E+01	 4.16394E+01	 3.67008E+01	 4.66010E+01	 3.75511E+01	 2.23346E+01	 1.23499E+01	 1.42166E+01	 1.55917E+01	 2.33215E+01	 2.42511E+01	 1.91701E+01	 2.04707E+01	 3.60726E+01	 2.75750E+01	 2.62583E+01	 3.38777E+01	 5.41182E+01	 5.76510E+01	 3.26373E+01	 1.09656E+01
 9.41121E+00	 6.15105E+00	 7.38556E+00	 6.62092E+00	 1.13000E+01	 1.25875E+01	 1.81243E+01	 1.61467E+01	 1.67166E+01	 8.66121E+00	 7.08061E+00	 4.80422E+00	 5.71665E+00	 6.50000E+00	 1.44860E+01	 3.64929E+01	 6.91638E+01	 1.01143E+02	 9.17510E+01	 5.39022E+01	 3.33278E+01	 1.22458E+01	 9.63697E+00	 1.24563E+01	 2.05853E+01	 2.46467E+01	 1.52111E+01	 1.15341E+01	 1.03964E+01	 8.71491E+00	 1.07878E+01	 8.66383E+00	 8.35285E+00	 7.58785E+00	 1.28041E+01	 1.84987E+01	 2.81107E+01	 3.71376E+01	 3.66528E+01	 5.51205E+01	 7.15207E+01	 6.39641E+01	 3.57008E+01	 2.14416E+01	 1.77564E+01	 1.84210E+01	 2.26476E+01	 2.04624E+01	 2.17987E+01	 3.17592E+01	 2.59249E+01	 1.65349E+01	 2.22319E+01	 3.65964E+01	 1.86302E+01	 1.52593E+01	 3.83129E+01	 5.90626E+01	 5.30534E+01	 2.14564E+01	 1.09095E+01
 5.31669E+00	 8.50000E+00	 6.74315E+00	 7.78357E+00	 9.18355E+00	 1.08084E+01	 1.18033E+01	 1.40846E+01	 1.03346E+01	 6.31246E+00	 5.76717E+00	 5.12148E+00	 5.82234E+00	 1.02305E+01	 2.10766E+01	 2.64641E+01	 4.04573E+01	 6.90444E+01	 6.52823E+01	 4.47898E+01	 3.41543E+01	 2.00058E+01	 8.75000E+00	 1.37448E+01	 2.15945E+01	 2.12778E+01	 1.94814E+01	 9.65416E+00	 9.14996E+00	 8.38835E+00	 8.43403E+00	 7.31778E+00	 1.20211E+01	 1.05385E+01	 7.41354E+00	 7.39632E+00	 9.15779E+00	 1.23777E+01	 3.61825E+01	 8.61021E+01	 8.94183E+01	 7.27762E+01	 3.71243E+01	 1.57707E+01	 2.07507E+01	 2.12707E+01	 2.18472E+01	 2.19957E+01	 1.97255E+01	 2.95708E+01	 2.38531E+01	 2.53503E+01	 2.71698E+01	 2.59389E+01	 1.63033E+01	 1.17808E+01	 1.71499E+01	 2.90642E+01	 2.50502E+01	 1.38215E+01	 2.59019E+01
 5.47440E+00	 5.27498E+00	 6.93383E+00	 6.81597E+00	 1.02415E+01	 9.70640E+00	 9.96461E+00	 1.22667E+01	 9.86242E+00	 9.87430E+00	 4.63630E+00	 5.43447E+00	 8.48595E+00	 1.87451E+01	 3.07829E+01	 3.46738E+01	 3.65382E+01	 3.35268E+01	 3.25415E+01	 2.69795E+01	 2.96506E+01	 2.48744E+01	 1.00666E+01	 8.43937E+00	 9.88630E+00	 7.03967E+00	 1.77667E+01	 1.89139E+01	 1.02388E+01	 9.00000E+00	 8.89468E+00	 7.79537E+00	 1.45793E+01	 1.71584E+01	 1.03287E+01	 7.62395E+00	 7.54163E+00	 1.83000E+01	 3.77507E+01	 8.35779E+01	 9.13503E+01	 6.61022E+01	 3.34505E+01	 3.05185E+01	 2.43266E+01	 2.96005E+01	 2.30664E+01	 2.28372E+01	 2.25697E+01	 2.12926E+01	 1.51766E+01	 2.11997E+01	 2.53011E+01	 1.77050E+01	 1.69001E+01	 1.55695E+01	 1.22102E+01	 1.30722E+01	 9.22552E+00	 1.06814E+01	 3.58212E+01
 1.91171E+01	 1.85826E+01	 1.31765E+01	 1.10758E+01	 9.33915E+00	 1.05891E+01	 1.28062E+01	 1.32751E+01	 1.02966E+01	 1.36979E+01	 1.00967E+01	 6.59834E+00	 1.29362E+01	 2.23222E+01	 2.59513E+01	 4.05015E+01	 3.36511E+01	 3.06192E+01	 2.41652E+01	 2.34058E+01	 2.57941E+01	 2.17007E+01	 1.04084E+01	 7.39178E+00	 8.03357E+00	 9.65834E+00	 8.79041E+00	 8.17221E+00	 6.58785E+00	 8.12955E+00	 1.10621E+01	 1.47388E+01	 2.24128E+01	 2.95441E+01	 1.69833E+01	 7.26703E+00	 8.29537E+00	 2.66979E+01	 4.00330E+01	 6.02009E+01	 6.55196E+01	 5.43333E+01	 4.45554E+01	 4.13507E+01	 3.75157E+01	 2.44365E+01	 2.20998E+01	 2.36147E+01	 2.06704E+01	 1.20251E+01	 1.15317E+01	 1.25528E+01	 1.55615E+01	 1.04869E+01	 1.26383E+01	 1.27438E+01	 1.64238E+01	 1.96043E+01	 1.76580E+01	 1.91018E+01	 3.07768E+01
 2.83116E+01	 2.66350E+01	 1.78776E+01	 1.16757E+01	 1.48308E+01	 1.71504E+01	 1.49238E+01	 1.80135E+01	 2.95509E+01	 3.12552E+01	 1.00472E+01	 7.24627E+00	 1.21181E+01	 2.25105E+01	 2.75157E+01	 3.02394E+01	 3.30581E+01	 2.93480E+01	 2.31639E+01	 2.16444E+01	 1.93398E+01	 1.73898E+01	 9.15983E+00	 5.52639E+00	 5.27294E+00	 6.82503E+00	 7.96758E+00	 6.40487E+00	 6.48278E+00	 8.61900E+00	 8.91387E+00	 1.23106E+01	 2.29150E+01	 3.52199E+01	 2.83728E+01	 1.29925E+01	 9.01036E+00	 2.08034E+01	 2.97478E+01	 4.28514E+01	 5.14766E+01	 5.26685E+01	 5.04152E+01	 4.27185E+01	 5.73512E+01	 4.69979E+01	 2.85075E+01	 2.09908E+01	 1.16323E+01	 8.15796E+00	 1.02125E+01	 1.42707E+01	 1.49798E+01	 1.34388E+01	 1.46822E+01	 1.09646E+01	 1.58473E+01	 2.87408E+01	 3.71220E+01	 5.08810E+01	 4.33509E+01
 2.14138E+01	 2.12540E+01	 1.92983E+01	 2.55361E+01	 4.38129E+01	 5.03015E+01	 3.97445E+01	 3.24929E+01	 3.97185E+01	 3.43807E+01	 1.54497E+01	 1.12767E+01	 2.06979E+01	 2.78510E+01	 2.80674E+01	 2.76394E+01	 2.74249E+01	 2.42276E+01	 1.87666E+01	 1.57295E+01	 1.75973E+01	 1.53619E+01	 7.72778E+00	 3.68299E+00	 5.61435E+00	 7.77270E+00	 1.00953E+01	 7.54041E+00	 6.86900E+00	 1.06002E+01	 1.40180E+01	 1.73048E+01	 2.56883E+01	 3.07022E+01	 1.84266E+01	 9.17829E+00	 1.68671E+01	 2.95194E+01	 3.00509E+01	 4.42316E+01	 5.99676E+01	 4.39504E+01	 3.40804E+01	 2.49504E+01	 3.17926E+01	 2.87219E+01	 1.48862E+01	 9.78779E+00	 6.74789E+00	 9.43121E+00	 1.38890E+01	 3.43451E+01	 2.42511E+01	 1.63067E+01	 1.47727E+01	 1.15945E+01	 1.26587E+01	 2.25804E+01	 4.30626E+01	 5.00015E+01	 4.60054E+01
