//Exported ASCII-File
[Header]
FileName = C:\Users\reoml\Desktop\Mestrado\mapa raman\novas medidas\Medidas Raman - Rafael\Medidas Raman - Rafael\GO em substrato metalico (0.01 com e sem EDA) - Rafael.WIP
ImageName = Scan_004_Spec.Data 1_F: Min & Max -> Maximum [1516.3 rel. 1/cm -> 1677.3 rel. 1/cm]
PointsPerLine = 61
LinesPerImage = 61
ScanUnit = µm
ScanWidth = 30
ScanHeight = 30
ScanOriginX = 3.34200000762939
ScanOriginY = -1.30799996852875
ScanOriginZ = 0
DataUnit = CCD cts
[Data]
 6.56109E+01	 3.27906E+01	 1.64506E+01	 6.65881E+00	 1.74566E+01	 4.04834E+01	 2.96249E+01	 9.17986E+00	 1.17086E+01	 1.62233E+01	 1.99535E+01	 1.63323E+01	 2.12880E+01	 1.33893E+01	 5.03391E+00	 1.09322E+01	 1.07161E+01	 2.90026E+01	 2.19851E+01	 5.32750E+00	 5.43739E+00	 6.03209E+00	 8.63431E+00	 6.19789E+00	 9.20841E+00	 1.59908E+01	 1.29797E+01	 7.74369E+00	 8.23186E+00	 6.91729E+00	 9.77474E+00	 9.90850E+00	 1.35148E+01	 1.47889E+01	 2.99729E+01	 5.92560E+01	 3.75998E+01	 2.93943E+01	 1.96354E+01	 8.22675E+00	 8.34100E+00	 5.11926E+00	 7.35649E+00	 5.92923E+00	 6.01909E+00	 1.08350E+01	 3.01370E+01	 4.22438E+01	 4.54635E+01	 4.50221E+01	 2.36249E+01	 1.73951E+01	 1.32184E+01	 4.78209E+00	 7.73598E+00	 5.62747E+00	 7.66971E+00	 6.45695E+00	 5.32665E+00	 5.73234E+00	 4.66057E+00
 3.28546E+01	 2.28874E+01	 1.29177E+01	 4.89192E+00	 3.39384E+00	 1.12247E+01	 1.40772E+01	 5.46462E+00	 8.25000E+00	 8.06822E+00	 1.17043E+01	 9.29083E+00	 9.12022E+00	 7.27005E+00	 6.62022E+00	 7.97280E+00	 6.34685E+00	 8.97786E+00	 1.03280E+01	 5.91431E+00	 3.64919E+00	 5.75000E+00	 3.77742E+00	 6.47675E+00	 8.28391E+00	 1.39370E+01	 8.67587E+00	 8.84676E+00	 6.90415E+00	 6.30497E+00	 7.74189E+00	 1.13004E+01	 9.50302E+00	 1.01492E+01	 2.96412E+01	 6.73772E+01	 5.46521E+01	 2.68224E+01	 9.09883E+00	 8.69168E+00	 7.85432E+00	 7.32865E+00	 6.58893E+00	 5.80627E+00	 4.94692E+00	 1.60928E+01	 3.03304E+01	 2.39038E+01	 3.29192E+01	 2.72312E+01	 2.22903E+01	 1.70561E+01	 2.82650E+01	 8.88702E+00	 1.33757E+01	 1.33001E+01	 8.56284E+00	 5.37524E+00	 3.47848E+00	 4.00861E+00	 4.31822E+00
 3.62247E+01	 2.39388E+01	 1.11370E+01	 4.47562E+00	 2.47440E+00	 2.83451E+00	 5.67086E+00	 7.41771E+00	 8.15777E+00	 7.03087E+00	 9.87977E+00	 4.72141E+00	 4.99268E+00	 7.35671E+00	 6.30660E+00	 4.63242E+00	 4.18346E+00	 1.03155E+01	 1.22834E+01	 4.99081E+00	 2.85432E+00	 4.01943E+00	 5.57729E+00	 5.56621E+00	 5.63340E+00	 8.06716E+00	 7.14108E+00	 7.80037E+00	 1.01677E+01	 9.75706E+00	 1.35544E+01	 2.19408E+01	 1.33597E+01	 1.21067E+01	 2.06828E+01	 3.50182E+01	 5.46490E+01	 3.02700E+01	 1.32514E+01	 1.06555E+01	 8.62385E+00	 5.99369E+00	 5.25000E+00	 9.20885E+00	 1.72659E+01	 1.91943E+01	 2.25241E+01	 2.41513E+01	 2.36141E+01	 2.25968E+01	 1.37115E+01	 1.05610E+01	 6.21609E+00	 5.45889E+00	 1.34855E+01	 1.51370E+01	 8.40020E+00	 5.00000E+00	 3.25861E+00	 4.75000E+00	 3.99770E+00
 3.79464E+01	 1.84115E+01	 8.16602E+00	 4.59173E+00	 4.16962E+00	 3.29537E+00	 6.16501E+00	 9.49473E+00	 1.16696E+01	 6.28391E+00	 6.51943E+00	 1.01650E+01	 8.87524E+00	 9.32804E+00	 6.71641E+00	 4.75000E+00	 3.96276E+00	 6.97061E+00	 9.49473E+00	 4.25230E+00	 1.75000E+00	 5.17987E+00	 6.34493E+00	 6.11692E+00	 7.14551E+00	 7.13834E+00	 7.74093E+00	 1.37164E+01	 1.45247E+01	 1.68517E+01	 2.24456E+01	 1.83830E+01	 1.07224E+01	 8.15280E+00	 1.39919E+01	 1.57995E+01	 3.11673E+01	 2.64115E+01	 1.33647E+01	 1.14055E+01	 7.31782E+00	 4.08204E+00	 5.14579E+00	 1.77918E+01	 3.37530E+01	 3.09716E+01	 3.18201E+01	 2.52317E+01	 2.30724E+01	 1.73870E+01	 9.56488E+00	 6.58392E+00	 4.24595E+00	 4.93218E+00	 5.12568E+00	 5.92447E+00	 4.82456E+00	 2.71706E+00	 3.76268E+00	 4.24268E+00	 2.92196E+00
 2.60724E+01	 1.43951E+01	 1.17214E+01	 8.96245E+00	 6.32774E+00	 6.76402E+00	 9.41767E+00	 9.28658E+00	 8.83229E+00	 8.24093E+00	 9.19351E+00	 1.14100E+01	 9.34159E+00	 7.28464E+00	 7.98379E+00	 8.05719E+00	 5.73781E+00	 4.75000E+00	 3.70249E+00	 3.50230E+00	 3.14769E+00	 7.46339E+00	 1.15985E+01	 1.24033E+01	 7.18085E+00	 6.18169E+00	 1.12640E+01	 2.36208E+01	 2.76167E+01	 1.97652E+01	 1.75853E+01	 1.40159E+01	 8.83865E+00	 7.77667E+00	 1.16112E+01	 1.22378E+01	 1.63841E+01	 1.62994E+01	 1.17164E+01	 1.04299E+01	 8.14514E+00	 7.07729E+00	 5.71926E+00	 1.55933E+01	 2.36829E+01	 2.58479E+01	 2.87121E+01	 2.32213E+01	 1.54832E+01	 7.18946E+00	 3.34762E+00	 4.63146E+00	 4.81671E+00	 3.23754E+00	 4.75000E+00	 3.07761E+00	 3.51593E+00	 4.60209E+00	 3.40143E+00	 6.00000E+00	 6.33893E+00
 2.53044E+01	 1.37896E+01	 1.20247E+01	 1.03951E+01	 9.10432E+00	 5.66364E+00	 5.76045E+00	 1.02654E+01	 1.22943E+01	 1.20443E+01	 7.11122E+00	 5.62344E+00	 5.49369E+00	 4.48011E+00	 4.69168E+00	 8.78345E+00	 7.01815E+00	 4.14232E+00	 3.60638E+00	 3.14769E+00	 5.37977E+00	 1.13824E+01	 1.54072E+01	 1.10380E+01	 1.41836E+01	 1.61927E+01	 2.01585E+01	 4.00236E+01	 3.87397E+01	 2.33708E+01	 1.36284E+01	 9.51589E+00	 7.95978E+00	 5.75000E+00	 7.34676E+00	 8.91602E+00	 8.10570E+00	 1.02553E+01	 1.18353E+01	 2.15544E+01	 1.69171E+01	 5.63242E+00	 4.00000E+00	 1.23624E+01	 1.58793E+01	 1.59069E+01	 1.65640E+01	 1.15701E+01	 5.14551E+00	 5.07804E+00	 4.91971E+00	 3.75000E+00	 1.94498E+01	 6.82536E+00	 3.92533E+00	 4.53080E+00	 3.12198E+00	 2.75000E+00	 6.66608E+00	 1.13924E+01	 6.96641E+00
 2.20445E+01	 1.32374E+01	 7.91683E+00	 7.25000E+00	 5.88564E+00	 8.14108E+00	 1.02658E+01	 1.19589E+01	 1.23893E+01	 1.15300E+01	 8.21339E+00	 5.56716E+00	 6.64065E+00	 4.58943E+00	 4.30561E+00	 1.23337E+01	 1.34336E+01	 7.81488E+00	 3.39013E+00	 3.00000E+00	 1.01542E+01	 1.53102E+01	 1.57645E+01	 1.53734E+01	 3.71237E+01	 6.36806E+01	 4.48139E+01	 4.32095E+01	 6.14916E+01	 4.35241E+01	 1.43992E+01	 7.42288E+00	 3.11477E+00	 4.11926E+00	 5.51543E+00	 6.57774E+00	 8.33002E+00	 8.60130E+00	 1.56144E+01	 1.74029E+01	 1.01538E+01	 5.86660E+00	 7.38340E+00	 1.24309E+01	 1.81124E+01	 2.37316E+01	 1.89793E+01	 1.90421E+01	 8.80561E+00	 4.53538E+00	 2.59164E+00	 3.31194E+00	 4.12568E+00	 4.87344E+00	 3.63500E+00	 2.66458E+00	 2.79684E+00	 2.68739E+00	 6.89065E+00	 3.16458E+00	 3.99595E+00
 2.30362E+01	 1.31411E+01	 7.18986E+00	 8.24006E+00	 1.16360E+01	 1.38277E+01	 1.25403E+01	 1.57880E+01	 1.64526E+01	 1.46463E+01	 1.48475E+01	 9.47474E+00	 7.95573E+00	 3.17808E+00	 6.92468E+00	 9.31963E+00	 1.23911E+01	 1.32943E+01	 6.87385E+00	 4.65517E+00	 1.35972E+01	 1.78096E+01	 1.15248E+01	 1.32028E+01	 4.47596E+01	 7.39352E+01	 5.81489E+01	 4.85117E+01	 6.13926E+01	 4.66254E+01	 2.04069E+01	 5.81016E+00	 3.25000E+00	 3.60935E+00	 5.35669E+00	 4.94351E+00	 4.91003E+00	 5.95162E+00	 6.26219E+00	 6.02089E+00	 4.67078E+00	 6.71836E+00	 1.26424E+01	 2.09638E+01	 2.68418E+01	 2.28418E+01	 1.62713E+01	 1.17469E+01	 5.44168E+00	 3.50000E+00	 2.71926E+00	 3.19757E+00	 4.29684E+00	 6.08002E+00	 3.98010E+00	 3.91003E+00	 3.53391E+00	 2.20249E+00	 1.91608E+00	 3.61926E+00	 1.54816E+01
 2.15408E+01	 1.13752E+01	 6.03209E+00	 7.14232E+00	 9.52969E+00	 1.18893E+01	 1.23567E+01	 1.44950E+01	 1.78601E+01	 1.65977E+01	 1.56551E+01	 1.27667E+01	 8.73006E+00	 6.51484E+00	 4.80335E+00	 8.26901E+00	 1.20988E+01	 1.54220E+01	 1.27943E+01	 5.04582E+00	 6.12568E+00	 7.13564E+00	 7.10113E+00	 9.28887E+00	 4.17345E+01	 6.87191E+01	 5.05481E+01	 5.13012E+01	 5.94069E+01	 2.98151E+01	 1.02690E+01	 5.61122E+00	 4.26402E+00	 2.45990E+00	 2.50000E+00	 4.65827E+00	 4.75000E+00	 3.22129E+00	 4.35643E+00	 3.01582E+00	 3.39579E+00	 1.01189E+01	 1.76921E+01	 2.17934E+01	 1.97934E+01	 1.08463E+01	 7.06151E+00	 4.16501E+00	 3.63834E+00	 3.25000E+00	 3.87845E+00	 6.40280E+00	 5.41683E+00	 8.54433E+00	 7.56016E+00	 3.63242E+00	 2.98536E+00	 2.48206E+00	 4.42086E+00	 1.07437E+01	 2.64634E+01
 1.69314E+01	 1.13517E+01	 5.57026E+00	 5.56963E+00	 7.03887E+00	 1.06324E+01	 1.08965E+01	 1.16706E+01	 1.23454E+01	 1.49132E+01	 1.07047E+01	 8.72474E+00	 7.43085E+00	 6.28887E+00	 6.03887E+00	 7.89551E+00	 1.38142E+01	 1.60208E+01	 1.72906E+01	 1.04403E+01	 4.78656E+00	 3.66364E+00	 3.33215E+00	 7.50000E+00	 3.55150E+01	 5.82457E+01	 4.54470E+01	 3.78587E+01	 3.25623E+01	 1.67513E+01	 9.61660E+00	 7.71245E+00	 3.91549E+00	 5.75000E+00	 2.81035E+00	 2.87615E+00	 5.54159E+00	 5.91501E+00	 5.91378E+00	 4.90458E+00	 8.94757E+00	 1.27286E+01	 2.09207E+01	 1.62408E+01	 1.40346E+01	 7.64013E+00	 3.16003E+00	 3.99540E+00	 3.62385E+00	 4.09173E+00	 4.20190E+00	 5.55561E+00	 8.45841E+00	 9.50990E+00	 1.29146E+01	 9.61926E+00	 6.03887E+00	 8.35669E+00	 1.74367E+01	 2.28169E+01	 1.84526E+01
 1.33427E+01	 9.93946E+00	 7.69605E+00	 6.51259E+00	 6.01259E+00	 4.86926E+00	 6.74081E+00	 9.28622E+00	 1.23513E+01	 1.30194E+01	 1.00592E+01	 9.30915E+00	 8.00000E+00	 6.60671E+00	 7.14329E+00	 8.14514E+00	 7.24003E+00	 1.41921E+01	 1.36935E+01	 1.53102E+01	 1.79786E+01	 8.67986E+00	 3.57301E+00	 5.49369E+00	 3.03262E+01	 4.55670E+01	 3.29282E+01	 3.24457E+01	 2.81374E+01	 1.70751E+01	 1.06696E+01	 8.85669E+00	 8.33002E+00	 8.71245E+00	 3.67587E+00	 5.09173E+00	 7.31822E+00	 8.43085E+00	 8.93085E+00	 8.56782E+00	 1.09937E+01	 1.91720E+01	 2.23532E+01	 1.50013E+01	 1.20104E+01	 8.20573E+00	 5.01045E+00	 4.45697E+00	 2.25000E+00	 2.49505E+00	 3.59173E+00	 7.95978E+00	 9.95978E+00	 8.59493E+00	 1.60570E+01	 2.41172E+01	 1.89506E+01	 1.46895E+01	 1.32988E+01	 8.10173E+00	 6.50000E+00
 8.49311E+00	 8.69206E+00	 5.21144E+00	 4.48010E+00	 4.26651E+00	 4.40844E+00	 5.40777E+00	 9.14245E+00	 1.37293E+01	 1.40846E+01	 1.13870E+01	 8.75270E+00	 8.17358E+00	 7.70978E+00	 1.01017E+01	 7.35173E+00	 7.13737E+00	 9.02474E+00	 1.90570E+01	 2.99685E+01	 3.10729E+01	 1.26013E+01	 2.89602E+00	 4.05016E+00	 1.69369E+01	 3.49494E+01	 3.58348E+01	 3.24632E+01	 2.31836E+01	 1.22698E+01	 6.56963E+00	 6.62022E+00	 4.75000E+00	 3.25000E+00	 1.75000E+00	 5.59358E+00	 7.71641E+00	 8.74369E+00	 1.47809E+01	 1.64370E+01	 1.66370E+01	 2.03617E+01	 1.86673E+01	 1.56203E+01	 9.97124E+00	 7.58366E+00	 5.08204E+00	 5.13564E+00	 2.61660E+00	 2.53018E+00	 4.39557E+00	 7.59270E+00	 9.86122E+00	 1.37224E+01	 2.23201E+01	 3.66818E+01	 3.38762E+01	 1.62645E+01	 3.00354E+00	 4.83893E+00	 1.23752E+01
 7.63431E+00	 5.34895E+00	 3.97258E+00	 4.05335E+00	 3.89329E+00	 4.89769E+00	 4.59720E+00	 5.00000E+00	 6.62253E+00	 9.33980E+00	 1.28110E+01	 8.97244E+00	 6.53209E+00	 9.08002E+00	 8.94206E+00	 9.03345E+00	 9.63337E+00	 7.08366E+00	 1.88155E+01	 3.44457E+01	 2.73734E+01	 1.28398E+01	 4.37747E+00	 4.58002E+00	 1.27184E+01	 2.72401E+01	 2.93201E+01	 2.07408E+01	 1.26341E+01	 5.98186E+00	 5.99093E+00	 6.58636E+00	 4.25990E+00	 3.53441E+00	 3.17464E+00	 5.04751E+00	 7.10935E+00	 1.18142E+01	 1.91591E+01	 2.15434E+01	 2.02659E+01	 1.91908E+01	 2.06230E+01	 1.45552E+01	 1.34315E+01	 1.15276E+01	 9.88564E+00	 5.79838E+00	 3.91003E+00	 3.51901E+00	 4.83980E+00	 8.09493E+00	 8.28345E+00	 8.85777E+00	 1.18105E+01	 1.70167E+01	 1.90552E+01	 1.22921E+01	 1.00297E+01	 9.38564E+00	 1.73870E+01
 8.30016E+00	 6.55016E+00	 5.03767E+00	 7.51045E+00	 6.48186E+00	 5.91725E+00	 2.99229E+00	 5.36466E+00	 7.50529E+00	 7.29027E+00	 6.38340E+00	 6.46019E+00	 9.67785E+00	 1.15792E+01	 1.63070E+01	 1.55000E+01	 2.03061E+01	 2.41569E+01	 1.25954E+01	 1.65494E+01	 1.34543E+01	 8.42038E+00	 5.83997E+00	 4.03074E+00	 6.56963E+00	 1.17212E+01	 1.61706E+01	 1.33277E+01	 8.14065E+00	 8.99081E+00	 6.13431E+00	 4.52760E+00	 3.21285E+00	 3.48378E+00	 2.40844E+00	 2.39040E+00	 7.65548E+00	 1.03601E+01	 1.99374E+01	 2.84268E+01	 2.54374E+01	 1.61867E+01	 1.37378E+01	 1.29412E+01	 1.42939E+01	 1.83617E+01	 1.58617E+01	 6.75000E+00	 3.44879E+00	 3.00000E+00	 7.37524E+00	 9.80016E+00	 9.99956E+00	 1.17880E+01	 1.32659E+01	 1.31935E+01	 1.40887E+01	 1.27089E+01	 1.74855E+01	 1.44091E+01	 1.78555E+01
 1.05972E+01	 8.33002E+00	 5.44170E+00	 1.09100E+01	 1.08920E+01	 5.76680E+00	 5.00000E+00	 1.24547E+01	 1.22378E+01	 7.97786E+00	 1.15403E+01	 1.61370E+01	 1.66867E+01	 1.73793E+01	 2.11600E+01	 1.84839E+01	 2.55805E+01	 1.85118E+01	 6.08002E+00	 6.30335E+00	 4.28778E+00	 4.87975E+00	 3.74081E+00	 3.63834E+00	 4.46019E+00	 9.69757E+00	 1.34865E+01	 1.75534E+01	 9.96868E+00	 5.81621E+00	 6.06621E+00	 6.08002E+00	 6.39919E+00	 3.69302E+00	 4.55335E+00	 7.30830E+00	 8.85130E+00	 1.09557E+01	 1.25837E+01	 1.86809E+01	 1.60280E+01	 1.74557E+01	 1.28277E+01	 1.13083E+01	 1.37374E+01	 7.64245E+00	 5.48091E+00	 3.20841E+00	 3.33229E+00	 3.56328E+00	 4.14557E+00	 6.68672E+00	 1.64446E+01	 2.53109E+01	 2.15812E+01	 1.37057E+01	 1.35583E+01	 1.65005E+01	 2.05421E+01	 2.16505E+01	 2.22206E+01
 2.29171E+01	 1.25610E+01	 4.08831E+00	 7.63834E+00	 8.17078E+00	 5.40777E+00	 9.04941E+00	 1.85732E+01	 1.98485E+01	 1.56673E+01	 2.08102E+01	 2.18096E+01	 2.15977E+01	 2.28893E+01	 2.34115E+01	 1.21899E+01	 9.99311E+00	 8.10570E+00	 7.00176E+00	 6.58451E+00	 9.48598E+00	 5.55335E+00	 4.43851E+00	 5.40143E+00	 4.10273E+00	 8.95978E+00	 1.28463E+01	 1.45014E+01	 1.20321E+01	 1.01017E+01	 9.36298E+00	 1.39602E+01	 1.54196E+01	 7.17316E+00	 1.07839E+01	 8.35173E+00	 1.07459E+01	 1.07451E+01	 9.49595E+00	 7.53655E+00	 9.20227E+00	 1.25610E+01	 1.12834E+01	 4.83042E+00	 6.16003E+00	 5.49045E+00	 4.72562E+00	 4.76402E+00	 3.45695E+00	 3.25000E+00	 3.70162E+00	 8.32804E+00	 1.87667E+01	 2.88391E+01	 3.25561E+01	 1.23601E+01	 1.07362E+01	 1.13834E+01	 8.48851E+00	 1.20605E+01	 2.24318E+01
 4.55018E+01	 2.20145E+01	 5.83756E+00	 2.87155E+00	 6.16107E+00	 7.75000E+00	 1.39196E+01	 2.01899E+01	 2.93943E+01	 3.61985E+01	 3.45940E+01	 2.41943E+01	 2.72747E+01	 2.65791E+01	 3.12915E+01	 1.52514E+01	 9.64727E+00	 1.15610E+01	 1.29584E+01	 1.26646E+01	 7.75495E+00	 5.31963E+00	 3.69262E+00	 3.69961E+00	 2.40154E+00	 4.05335E+00	 5.91767E+00	 9.49503E+00	 7.44168E+00	 6.14557E+00	 1.47708E+01	 2.81949E+01	 1.44403E+01	 6.25000E+00	 1.19355E+01	 8.93672E+00	 9.01943E+00	 6.47124E+00	 5.53887E+00	 6.44789E+00	 5.31963E+00	 7.15911E+00	 4.65415E+00	 3.62344E+00	 3.76990E+00	 5.02438E+00	 1.04878E+01	 1.46107E+01	 1.10751E+01	 4.49657E+00	 3.88431E+00	 5.38564E+00	 1.26867E+01	 2.07557E+01	 2.67073E+01	 1.36809E+01	 1.01455E+01	 8.71245E+00	 4.20607E+00	 6.00353E+00	 1.38666E+01
 7.25667E+01	 4.04494E+01	 1.13110E+01	 4.14428E+00	 5.55335E+00	 8.00000E+00	 2.08793E+01	 2.14472E+01	 2.75384E+01	 3.62926E+01	 3.88482E+01	 3.19638E+01	 2.69819E+01	 2.73232E+01	 1.74055E+01	 9.04115E+00	 5.75000E+00	 1.70013E+01	 2.27880E+01	 1.06976E+01	 4.50000E+00	 6.69351E+00	 1.53951E+01	 9.44351E+00	 3.38663E+00	 3.11337E+00	 2.54022E+00	 5.23378E+00	 4.26901E+00	 6.88702E+00	 1.39959E+01	 2.86257E+01	 2.48672E+01	 5.14329E+00	 6.62524E+00	 8.58535E+00	 7.56051E+00	 6.92038E+00	 5.29115E+00	 4.23099E+00	 7.69168E+00	 1.03693E+01	 1.08734E+01	 4.50000E+00	 4.38834E+00	 1.09683E+01	 2.27178E+01	 2.80128E+01	 2.43841E+01	 1.33618E+01	 7.92785E+00	 8.12703E+00	 1.07626E+01	 1.67994E+01	 2.11009E+01	 1.45380E+01	 1.33950E+01	 1.70013E+01	 7.00000E+00	 4.21926E+00	 5.81782E+00
 5.35235E+01	 5.41775E+01	 2.43725E+01	 4.52438E+00	 3.33756E+00	 1.12848E+01	 2.37229E+01	 1.61736E+01	 1.61341E+01	 3.29832E+01	 3.72332E+01	 3.45804E+01	 4.10428E+01	 2.64716E+01	 1.70041E+01	 5.52519E+00	 5.32488E+00	 7.95573E+00	 1.26293E+01	 6.37070E+00	 8.88337E+00	 2.39417E+01	 2.72317E+01	 2.14259E+01	 7.22244E+00	 3.51651E+00	 3.84493E+00	 1.04506E+00	 3.11122E+00	 4.79159E+00	 4.99117E+00	 9.96868E+00	 1.14461E+01	 1.83622E+00	 3.25000E+00	 6.51045E+00	 5.91364E+00	 6.02438E+00	 5.84075E+00	 6.14065E+00	 1.04259E+01	 1.05334E+01	 1.42945E+01	 1.10408E+01	 1.08292E+01	 2.07247E+01	 3.10495E+01	 3.53506E+01	 2.73391E+01	 1.32654E+01	 1.53178E+01	 1.11704E+01	 1.07437E+01	 1.43902E+01	 1.17797E+01	 8.01943E+00	 6.94665E+00	 4.65222E+00	 5.98010E+00	 4.04159E+00	 3.93965E+00
 5.72566E+01	 5.87091E+01	 3.80388E+01	 1.10792E+01	 5.63737E+00	 1.18834E+01	 1.61505E+01	 1.18647E+01	 1.15800E+01	 2.85118E+01	 3.27849E+01	 2.83893E+01	 2.13265E+01	 1.73601E+01	 9.67255E+00	 5.90415E+00	 3.62022E+00	 2.94970E+00	 3.57115E+00	 9.12524E+00	 1.64838E+01	 2.31773E+01	 2.62233E+01	 1.85544E+01	 7.02859E+00	 3.00000E+00	 4.79838E+00	 3.44620E+00	 1.60748E+00	 6.27859E+00	 1.13225E+01	 6.60173E+00	 4.67447E+00	 2.49268E+00	 5.23010E+00	 8.29838E+00	 8.99369E+00	 5.13337E+00	 6.29433E+00	 6.49311E+00	 1.02821E+01	 1.12505E+01	 1.65828E+01	 1.93830E+01	 2.13479E+01	 2.77317E+01	 3.11954E+01	 3.43993E+01	 2.27557E+01	 1.48911E+01	 2.64354E+01	 1.70972E+01	 1.26832E+01	 1.03513E+01	 9.88604E+00	 1.07338E+01	 9.09542E+00	 8.10768E+00	 2.28143E+01	 1.62205E+01	 3.02871E+00
 5.80136E+01	 5.41365E+01	 3.70018E+01	 1.13292E+01	 1.34589E+01	 1.76533E+01	 1.17822E+01	 1.23280E+01	 1.23387E+01	 2.14869E+01	 3.23008E+01	 2.10805E+01	 1.76867E+01	 1.13752E+01	 8.94463E+00	 5.19029E+00	 4.40548E+00	 3.86890E+00	 8.32006E+00	 1.98346E+01	 1.57378E+01	 1.51810E+01	 2.33320E+01	 1.60853E+01	 5.70841E+00	 3.37237E+00	 4.02870E+00	 2.58560E+00	 4.13472E+00	 1.68725E+01	 2.37257E+01	 1.03052E+01	 5.07026E+00	 4.32665E+00	 4.93169E+00	 9.36528E+00	 8.56671E+00	 6.35113E+00	 4.80335E+00	 7.92987E+00	 8.87344E+00	 1.49705E+01	 1.92461E+01	 2.77003E+01	 4.32054E+01	 3.76538E+01	 2.55176E+01	 2.59232E+01	 1.71179E+01	 2.36284E+01	 2.31972E+01	 1.73115E+01	 1.28196E+01	 1.03196E+01	 8.99189E+00	 1.29196E+01	 1.20561E+01	 1.16661E+01	 1.99716E+01	 2.76698E+01	 5.77667E+00
 2.63262E+01	 3.27201E+01	 2.58532E+01	 1.44947E+01	 2.19660E+01	 1.95534E+01	 1.73555E+01	 1.86935E+01	 1.50846E+01	 1.44865E+01	 1.15804E+01	 1.94146E+01	 1.01961E+01	 5.93779E+00	 8.85547E+00	 5.69302E+00	 5.63325E+00	 1.28824E+01	 1.80643E+01	 2.45415E+01	 1.89838E+01	 1.31854E+01	 2.72247E+01	 2.78048E+01	 1.87906E+01	 7.87933E+00	 3.67464E+00	 3.97071E+00	 4.79159E+00	 1.73488E+01	 2.00846E+01	 7.53026E+00	 4.76259E+00	 3.41683E+00	 4.70841E+00	 8.19757E+00	 6.87344E+00	 7.89579E+00	 7.86660E+00	 8.74503E+00	 1.49318E+01	 3.07132E+01	 2.64816E+01	 4.60733E+01	 5.46673E+01	 3.83141E+01	 2.49374E+01	 2.34051E+01	 2.82781E+01	 2.56951E+01	 2.02650E+01	 1.65297E+01	 9.61122E+00	 7.93284E+00	 1.03092E+01	 9.26943E+00	 1.42846E+01	 1.41360E+01	 9.15548E+00	 1.15403E+01	 4.10398E+00
 1.28798E+01	 1.89927E+01	 2.25975E+01	 2.26017E+01	 2.70643E+01	 2.45791E+01	 2.42247E+01	 1.95005E+01	 1.66809E+01	 1.60972E+01	 2.28830E+01	 2.33656E+01	 1.23337E+01	 1.00927E+01	 8.67785E+00	 9.05830E+00	 1.46370E+01	 1.87707E+01	 1.89133E+01	 1.81926E+01	 1.75986E+01	 1.46017E+01	 2.84634E+01	 3.74464E+01	 2.58672E+01	 1.62118E+01	 4.06284E+00	 4.50000E+00	 2.64040E+00	 7.19351E+00	 1.07896E+01	 7.31419E+00	 6.50000E+00	 4.44665E+00	 3.50000E+00	 5.17358E+00	 4.44757E+00	 5.36528E+00	 7.87155E+00	 9.36466E+00	 2.47659E+01	 3.87116E+01	 3.85779E+01	 3.92054E+01	 3.22040E+01	 2.59609E+01	 2.21817E+01	 1.88115E+01	 1.77780E+01	 2.19584E+01	 2.23418E+01	 1.55095E+01	 7.03658E+00	 5.09358E+00	 9.21019E+00	 7.47954E+00	 9.88337E+00	 1.49105E+01	 1.46615E+01	 4.25000E+00	 2.28856E+00
 1.33666E+01	 1.46284E+01	 1.72401E+01	 1.64865E+01	 2.55732E+01	 3.05489E+01	 2.44314E+01	 2.20057E+01	 1.93475E+01	 2.28963E+01	 3.60428E+01	 3.70566E+01	 2.07338E+01	 1.03992E+01	 6.34585E+00	 9.55335E+00	 1.42378E+01	 1.92195E+01	 1.62066E+01	 1.37984E+01	 1.27541E+01	 1.35010E+01	 1.97073E+01	 3.08101E+01	 3.04845E+01	 2.54068E+01	 7.39922E+00	 3.91003E+00	 3.44692E+00	 4.66364E+00	 5.55016E+00	 3.46245E+00	 2.35616E+00	 4.98186E+00	 2.88338E+00	 4.09119E+00	 4.27405E+00	 3.76219E+00	 5.70573E+00	 1.10140E+01	 3.27297E+01	 2.83066E+01	 2.94268E+01	 3.45792E+01	 3.13260E+01	 2.94960E+01	 2.88897E+01	 2.12224E+01	 2.28749E+01	 2.67659E+01	 2.17138E+01	 1.57220E+01	 1.06899E+01	 6.24189E+00	 1.08323E+01	 1.50434E+01	 1.19832E+01	 1.78096E+01	 1.21615E+01	 6.53655E+00	 2.94665E+00
 1.74687E+01	 1.89354E+01	 1.61895E+01	 1.79395E+01	 2.31814E+01	 2.31393E+01	 2.23513E+01	 1.93725E+01	 1.93874E+01	 3.13377E+01	 3.50598E+01	 3.72375E+01	 2.90916E+01	 1.55828E+01	 9.50270E+00	 7.28778E+00	 8.18851E+00	 9.23851E+00	 1.33387E+01	 1.57319E+01	 1.30837E+01	 1.50701E+01	 1.82989E+01	 2.74068E+01	 3.05613E+01	 2.45765E+01	 1.35362E+01	 5.09270E+00	 2.98051E+00	 3.26292E+00	 2.18281E+00	 3.07318E+00	 2.19257E+00	 4.90415E+00	 9.01901E+00	 1.15602E+01	 8.37344E+00	 8.65548E+00	 7.68672E+00	 1.20403E+01	 1.95200E+01	 2.26506E+01	 2.17248E+01	 2.06513E+01	 3.17462E+01	 3.89554E+01	 3.40717E+01	 3.37314E+01	 2.85765E+01	 2.52628E+01	 2.12216E+01	 1.69729E+01	 9.95425E+00	 9.91458E+00	 1.50484E+01	 1.21895E+01	 1.62138E+01	 1.86289E+01	 1.30887E+01	 8.87524E+00	 1.00276E+01
 2.08513E+01	 2.21720E+01	 1.53973E+01	 1.77035E+01	 2.35041E+01	 2.39938E+01	 2.06013E+01	 2.00217E+01	 2.19819E+01	 2.91393E+01	 3.29632E+01	 3.08384E+01	 2.47560E+01	 1.67822E+01	 1.20563E+01	 9.55335E+00	 7.43281E+00	 4.12524E+00	 7.52805E+00	 1.17450E+01	 1.53830E+01	 2.00805E+01	 2.62721E+01	 2.76179E+01	 2.52896E+01	 2.49220E+01	 2.01572E+01	 8.00135E+00	 3.18791E+00	 1.56374E+00	 1.97072E+00	 5.84720E+00	 1.13241E+01	 1.73923E+01	 2.59249E+01	 2.95208E+01	 3.43052E+01	 2.66972E+01	 1.93304E+01	 1.42834E+01	 1.63092E+01	 1.63973E+01	 1.64770E+01	 1.77164E+01	 2.23262E+01	 3.28789E+01	 2.87652E+01	 3.03482E+01	 2.71249E+01	 1.66895E+01	 1.65972E+01	 1.25732E+01	 1.02622E+01	 9.10113E+00	 9.50000E+00	 2.04637E+01	 2.46219E+01	 2.26179E+01	 1.87902E+01	 1.16867E+01	 1.29367E+01
 3.34678E+01	 2.41621E+01	 1.67648E+01	 1.64519E+01	 1.49598E+01	 1.79121E+01	 1.95396E+01	 1.82797E+01	 1.62988E+01	 1.65421E+01	 1.70837E+01	 1.65628E+01	 1.05889E+01	 1.34937E+01	 1.49874E+01	 1.17160E+01	 7.56963E+00	 3.83997E+00	 2.68427E+00	 7.23413E+00	 1.52233E+01	 2.57317E+01	 3.25998E+01	 3.56968E+01	 3.49573E+01	 3.15087E+01	 2.16055E+01	 1.05682E+01	 5.08636E+00	 3.67447E+00	 8.17587E+00	 1.69196E+01	 2.88094E+01	 4.09655E+01	 4.48018E+01	 4.00221E+01	 4.99863E+01	 5.25053E+01	 4.05998E+01	 2.93730E+01	 3.11972E+01	 3.14317E+01	 1.89395E+01	 1.22500E+01	 1.25366E+01	 2.07822E+01	 2.70118E+01	 2.64051E+01	 2.05985E+01	 1.84838E+01	 1.62378E+01	 1.09395E+01	 1.09720E+01	 1.18793E+01	 1.39435E+01	 2.05977E+01	 2.69313E+01	 2.40285E+01	 1.66836E+01	 1.35602E+01	 9.83804E+00
 2.05652E+01	 2.32708E+01	 2.24950E+01	 2.05217E+01	 2.19449E+01	 1.72921E+01	 1.63860E+01	 1.67220E+01	 1.49456E+01	 8.65777E+00	 6.16683E+00	 5.93239E+00	 7.88564E+00	 1.31736E+01	 1.65389E+01	 1.04177E+01	 5.66501E+00	 5.36660E+00	 4.62344E+00	 7.19029E+00	 2.12084E+01	 3.04268E+01	 3.02884E+01	 3.06443E+01	 2.81249E+01	 2.24451E+01	 1.49055E+01	 8.25176E+00	 4.75000E+00	 6.24369E+00	 1.52374E+01	 3.31569E+01	 4.49081E+01	 6.28719E+01	 6.62956E+01	 5.61317E+01	 5.42469E+01	 4.93052E+01	 3.63482E+01	 2.94313E+01	 4.17553E+01	 5.41996E+01	 3.45247E+01	 1.52721E+01	 1.13463E+01	 1.24456E+01	 1.91807E+01	 1.98463E+01	 1.61720E+01	 1.11473E+01	 8.97786E+00	 2.03784E+01	 2.85729E+01	 2.99485E+01	 2.90200E+01	 2.50384E+01	 2.05751E+01	 1.26759E+01	 9.60173E+00	 1.27374E+01	 1.34072E+01
 9.84768E+00	 3.70367E+01	 6.34774E+01	 5.46338E+01	 3.11939E+01	 1.77438E+01	 2.11463E+01	 1.61097E+01	 9.30008E+00	 6.86696E+00	 6.21641E+00	 5.50495E+00	 1.09919E+01	 1.54354E+01	 1.13225E+01	 6.27519E+00	 5.07006E+00	 4.27535E+00	 2.76117E+00	 5.00861E+00	 1.73647E+01	 2.82480E+01	 3.20304E+01	 3.23279E+01	 2.78897E+01	 1.86949E+01	 7.90415E+00	 6.25990E+00	 5.01484E+00	 1.57385E+01	 3.42178E+01	 4.95919E+01	 4.97561E+01	 4.83141E+01	 4.66530E+01	 4.57518E+01	 4.13685E+01	 3.93210E+01	 3.83164E+01	 4.73141E+01	 5.65296E+01	 6.26001E+01	 5.16317E+01	 3.28473E+01	 1.90853E+01	 1.02622E+01	 8.24688E+00	 7.22244E+00	 7.12344E+00	 8.56016E+00	 7.91458E+00	 1.11183E+01	 2.32351E+01	 3.30335E+01	 4.28419E+01	 3.66109E+01	 1.73336E+01	 7.54838E+00	 5.48186E+00	 7.56963E+00	 6.69605E+00
 6.75861E+00	 2.40669E+01	 5.76402E+01	 6.71789E+01	 4.27928E+01	 2.86167E+01	 2.95968E+01	 1.85800E+01	 6.59980E+00	 6.56016E+00	 6.16501E+00	 5.61926E+00	 6.22995E+00	 6.15380E+00	 6.67358E+00	 4.83229E+00	 3.95190E+00	 3.00353E+00	 4.45841E+00	 3.45841E+00	 9.28026E+00	 1.83532E+01	 2.41409E+01	 2.98010E+01	 2.60118E+01	 1.60846E+01	 9.24503E+00	 6.63834E+00	 6.62747E+00	 1.82270E+01	 4.38101E+01	 5.69485E+01	 5.12700E+01	 4.58184E+01	 4.15643E+01	 4.66141E+01	 4.48039E+01	 3.89495E+01	 3.39218E+01	 2.75150E+01	 2.95150E+01	 3.86958E+01	 5.64463E+01	 5.75255E+01	 2.70765E+01	 7.52129E+00	 4.88564E+00	 3.42587E+00	 5.01259E+00	 6.60173E+00	 8.79877E+00	 7.14514E+00	 1.17035E+01	 2.92460E+01	 5.06071E+01	 4.21449E+01	 2.03418E+01	 1.29317E+01	 7.43671E+00	 7.24503E+00	 7.36122E+00
 5.79433E+00	 1.36451E+01	 2.12862E+01	 2.63834E+01	 2.74839E+01	 1.93911E+01	 8.86926E+00	 6.62253E+00	 7.09358E+00	 8.72786E+00	 1.41057E+01	 1.27846E+01	 8.77760E+00	 5.53391E+00	 4.69302E+00	 2.75000E+00	 4.50000E+00	 3.53424E+00	 3.17288E+00	 4.11298E+00	 4.89013E+00	 1.10276E+01	 2.19132E+01	 2.72741E+01	 2.65724E+01	 1.63830E+01	 1.43503E+01	 9.15280E+00	 7.11926E+00	 1.46799E+01	 3.27645E+01	 4.76732E+01	 4.40804E+01	 4.97164E+01	 4.83292E+01	 4.40986E+01	 5.02942E+01	 5.15304E+01	 3.18473E+01	 2.23291E+01	 2.58498E+01	 2.83196E+01	 3.73170E+01	 4.72710E+01	 2.94293E+01	 1.60343E+01	 8.28887E+00	 8.80008E+00	 8.43946E+00	 7.31848E+00	 9.60113E+00	 1.34367E+01	 1.41089E+01	 3.13468E+01	 5.04403E+01	 4.90595E+01	 3.83143E+01	 2.33320E+01	 1.12019E+01	 6.55016E+00	 5.53822E+00
 4.62253E+00	 9.61122E+00	 1.11885E+01	 1.45362E+01	 1.05168E+01	 3.25000E+00	 5.38242E+00	 7.65836E+00	 7.81621E+00	 1.73924E+01	 3.29906E+01	 3.08506E+01	 2.51943E+01	 1.02137E+01	 6.35173E+00	 5.36068E+00	 7.38564E+00	 4.57729E+00	 1.45249E+00	 2.09585E+00	 4.38340E+00	 1.19937E+01	 1.71895E+01	 2.51814E+01	 2.14314E+01	 1.45362E+01	 1.37717E+01	 1.17450E+01	 1.58532E+01	 1.86341E+01	 1.84819E+01	 2.48096E+01	 4.23262E+01	 5.37538E+01	 5.79380E+01	 5.67858E+01	 6.02686E+01	 5.35572E+01	 3.72132E+01	 2.09408E+01	 2.48260E+01	 2.54748E+01	 3.77252E+01	 5.18056E+01	 4.60358E+01	 2.94218E+01	 1.97628E+01	 2.30087E+01	 1.92513E+01	 1.11943E+01	 1.02404E+01	 2.08454E+01	 3.02248E+01	 3.81249E+01	 5.01782E+01	 5.39070E+01	 4.54635E+01	 3.04232E+01	 1.56895E+01	 7.42358E+00	 3.50495E+00
 3.10617E+00	 5.12023E+00	 4.56716E+00	 4.59493E+00	 4.46315E+00	 6.86696E+00	 7.15222E+00	 7.06016E+00	 1.30362E+01	 2.33757E+01	 4.15846E+01	 3.99913E+01	 2.69517E+01	 2.16836E+01	 7.75000E+00	 4.81284E+00	 4.05693E+00	 2.96926E+00	 2.50000E+00	 2.70119E+00	 3.61298E+00	 7.04027E+00	 9.37524E+00	 1.18102E+01	 1.39664E+01	 1.43477E+01	 1.96289E+01	 2.87297E+01	 2.87229E+01	 2.33897E+01	 2.10152E+01	 1.75963E+01	 3.30054E+01	 5.46659E+01	 5.41402E+01	 4.74874E+01	 5.51407E+01	 4.68546E+01	 2.60396E+01	 1.67590E+01	 2.17229E+01	 2.83950E+01	 2.69232E+01	 2.96208E+01	 3.74329E+01	 3.93018E+01	 2.99788E+01	 2.24610E+01	 1.48475E+01	 1.30602E+01	 1.76193E+01	 2.92505E+01	 3.73789E+01	 4.67553E+01	 5.06413E+01	 5.29654E+01	 5.11903E+01	 3.89517E+01	 1.80297E+01	 1.54236E+01	 1.28092E+01
 3.17826E+00	 4.29083E+00	 7.30915E+00	 1.12984E+01	 1.31101E+01	 1.31393E+01	 8.00000E+00	 1.15140E+01	 1.30247E+01	 2.39584E+01	 3.08692E+01	 3.43988E+01	 3.39494E+01	 3.91122E+01	 2.74305E+01	 1.84115E+01	 9.12615E+00	 8.04159E+00	 2.75000E+00	 2.25000E+00	 2.47074E+00	 2.46050E+00	 3.50000E+00	 7.50000E+00	 9.30561E+00	 1.28992E+01	 2.66805E+01	 4.83008E+01	 5.31530E+01	 3.11362E+01	 2.41284E+01	 1.46600E+01	 2.60488E+01	 3.79716E+01	 3.45701E+01	 2.59701E+01	 3.43384E+01	 2.86424E+01	 1.90484E+01	 1.61533E+01	 1.94770E+01	 2.29192E+01	 3.55603E+01	 3.58071E+01	 3.09801E+01	 2.59345E+01	 2.09443E+01	 1.85701E+01	 1.14033E+01	 1.40213E+01	 1.67650E+01	 2.85396E+01	 3.80349E+01	 4.11819E+01	 4.70087E+01	 4.24764E+01	 3.13418E+01	 2.42667E+01	 2.20642E+01	 2.36943E+01	 2.57884E+01
 7.95841E+00	 1.22713E+01	 8.97244E+00	 1.06433E+01	 1.06545E+01	 8.10173E+00	 1.16423E+01	 1.03427E+01	 1.78951E+01	 2.57557E+01	 1.99747E+01	 2.15087E+01	 1.95167E+01	 3.16172E+01	 3.88604E+01	 2.73784E+01	 1.95104E+01	 1.19779E+01	 4.55561E+00	 2.64625E+00	 2.35935E+00	 4.00000E+00	 3.51979E+00	 4.51259E+00	 3.82729E+00	 6.62933E+00	 2.63685E+01	 4.67011E+01	 4.58852E+01	 3.36387E+01	 1.87921E+01	 1.56809E+01	 2.30972E+01	 1.44236E+01	 1.16252E+01	 1.21809E+01	 2.31234E+01	 4.94168E+01	 5.14023E+01	 4.34481E+01	 4.17553E+01	 5.28368E+01	 5.55186E+01	 6.12537E+01	 5.67636E+01	 5.20552E+01	 2.19369E+01	 9.09676E+00	 1.46921E+01	 2.22652E+01	 1.87084E+01	 2.69001E+01	 4.02618E+01	 3.86568E+01	 3.05396E+01	 2.87721E+01	 2.65640E+01	 1.92530E+01	 2.11817E+01	 2.23485E+01	 1.42708E+01
 1.27164E+01	 1.25898E+01	 1.14430E+01	 1.36107E+01	 1.30610E+01	 1.12866E+01	 9.77170E+00	 9.62022E+00	 1.25000E+01	 1.64969E+01	 1.75402E+01	 1.55071E+01	 1.48102E+01	 2.25972E+01	 3.60087E+01	 2.75380E+01	 2.18784E+01	 1.30276E+01	 5.40458E+00	 5.14438E+00	 9.06488E+00	 3.64108E+00	 4.01943E+00	 6.22995E+00	 5.31761E+00	 5.18986E+00	 1.92233E+01	 3.34477E+01	 3.72799E+01	 2.72248E+01	 3.24085E+01	 4.02460E+01	 2.64083E+01	 1.01055E+01	 7.06419E+00	 6.12022E+00	 1.41899E+01	 2.00968E+01	 2.73229E+01	 5.66869E+01	 6.76403E+01	 7.59281E+01	 6.00857E+01	 5.34654E+01	 7.10319E+01	 5.59691E+01	 1.32527E+01	 9.44559E+00	 1.88371E+01	 2.49013E+01	 2.40384E+01	 3.32151E+01	 4.82518E+01	 4.27818E+01	 3.19268E+01	 3.11762E+01	 2.38034E+01	 2.33052E+01	 2.84675E+01	 3.94517E+01	 2.00982E+01
 1.54055E+01	 1.21013E+01	 1.62889E+01	 1.53178E+01	 1.28716E+01	 1.16423E+01	 9.93085E+00	 1.49100E+01	 2.02220E+01	 2.68109E+01	 2.99206E+01	 3.23260E+01	 3.35349E+01	 3.32438E+01	 3.71230E+01	 3.61773E+01	 3.43292E+01	 1.37279E+01	 6.18281E+00	 1.02319E+01	 1.74354E+01	 7.21019E+00	 6.68672E+00	 5.10081E+00	 5.59676E+00	 6.39514E+00	 7.49688E+00	 1.77419E+01	 3.82822E+01	 5.55286E+01	 5.73609E+01	 3.42650E+01	 2.00247E+01	 1.19476E+01	 9.24369E+00	 6.63472E+00	 4.70190E+00	 9.83460E+00	 3.41552E+01	 5.81402E+01	 5.13902E+01	 5.61543E+01	 5.76127E+01	 5.88415E+01	 6.44331E+01	 4.59242E+01	 1.70610E+01	 1.88391E+01	 2.90234E+01	 2.85912E+01	 3.32234E+01	 4.18708E+01	 4.75290E+01	 4.04558E+01	 3.72568E+01	 3.00128E+01	 2.22862E+01	 1.75972E+01	 2.39938E+01	 2.49354E+01	 1.85217E+01
 1.17967E+01	 1.74367E+01	 1.73427E+01	 1.33001E+01	 1.37427E+01	 1.62279E+01	 1.40853E+01	 1.53703E+01	 3.15428E+01	 4.46813E+01	 3.29207E+01	 3.19685E+01	 4.87660E+01	 3.42185E+01	 3.46249E+01	 2.88476E+01	 1.46799E+01	 1.14584E+01	 2.43224E+01	 2.16684E+01	 6.70573E+00	 4.42533E+00	 4.62237E+00	 5.31782E+00	 5.83301E+00	 6.55308E+00	 9.02405E+00	 9.25000E+00	 2.14367E+01	 4.45018E+01	 7.44385E+01	 4.90968E+01	 2.57849E+01	 1.65000E+01	 8.62344E+00	 1.47862E+01	 6.16683E+00	 8.75000E+00	 2.83710E+01	 5.19652E+01	 4.72747E+01	 5.48635E+01	 5.12271E+01	 5.54093E+01	 6.27853E+01	 4.56317E+01	 2.31912E+01	 2.56104E+01	 3.22523E+01	 4.10698E+01	 5.51352E+01	 4.67512E+01	 5.07252E+01	 3.58749E+01	 3.01829E+01	 2.77248E+01	 2.48490E+01	 2.50426E+01	 2.69132E+01	 2.18391E+01	 1.95954E+01
 2.04121E+01	 2.39654E+01	 2.09069E+01	 1.23517E+01	 1.11411E+01	 8.66004E+00	 1.27089E+01	 1.95804E+01	 3.38123E+01	 5.05236E+01	 3.85601E+01	 4.05200E+01	 3.80241E+01	 2.26002E+01	 2.21569E+01	 1.72206E+01	 1.79589E+01	 2.13749E+01	 1.72780E+01	 9.10804E+00	 5.94961E+00	 4.56284E+00	 6.17078E+00	 8.44961E+00	 1.18734E+01	 1.16356E+01	 1.16899E+01	 1.35561E+01	 1.61930E+01	 2.51943E+01	 3.10361E+01	 3.01712E+01	 3.10841E+01	 1.54332E+01	 1.48387E+01	 2.38412E+01	 5.51107E+00	 4.46982E+00	 2.22849E+01	 4.28587E+01	 3.88419E+01	 4.99289E+01	 4.44554E+01	 5.50868E+01	 5.57735E+01	 4.49845E+01	 2.82406E+01	 3.01719E+01	 2.78871E+01	 3.66672E+01	 4.72929E+01	 4.57795E+01	 3.81939E+01	 1.89150E+01	 2.03323E+01	 3.07247E+01	 2.69145E+01	 2.49299E+01	 2.66360E+01	 2.70820E+01	 2.13730E+01
 2.12989E+01	 2.28486E+01	 1.53924E+01	 9.56016E+00	 6.93346E+00	 9.44351E+00	 1.02513E+01	 1.73463E+01	 2.97216E+01	 4.41719E+01	 4.56581E+01	 5.43706E+01	 3.14273E+01	 1.35629E+01	 1.34905E+01	 2.04427E+01	 3.22667E+01	 3.15811E+01	 1.26935E+01	 5.69168E+00	 1.36600E+01	 1.31011E+01	 9.84173E+00	 1.43241E+01	 1.46646E+01	 1.05190E+01	 1.26996E+01	 1.60402E+01	 9.91458E+00	 8.73383E+00	 1.85213E+01	 3.03667E+01	 2.83517E+01	 2.11632E+01	 3.11569E+01	 3.04345E+01	 1.19878E+01	 4.50000E+00	 1.71293E+01	 4.27094E+01	 5.01085E+01	 4.44116E+01	 4.15428E+01	 5.10702E+01	 4.93193E+01	 3.77818E+01	 1.40488E+01	 2.03476E+01	 2.83209E+01	 3.30319E+01	 5.78198E+01	 3.69760E+01	 2.11618E+01	 1.09706E+01	 9.06963E+00	 1.60596E+01	 3.32145E+01	 3.21632E+01	 2.35152E+01	 2.37902E+01	 1.78358E+01
 1.95977E+01	 1.13337E+01	 8.17038E+00	 9.30335E+00	 7.24503E+00	 9.88337E+00	 1.26013E+01	 2.13477E+01	 1.43155E+01	 1.29299E+01	 2.64584E+01	 3.42026E+01	 2.71397E+01	 1.63557E+01	 1.39196E+01	 1.50484E+01	 3.01127E+01	 3.14573E+01	 1.53963E+01	 1.93856E+01	 3.51953E+01	 4.10729E+01	 1.95602E+01	 9.18672E+00	 1.05863E+01	 7.70865E+00	 5.54838E+00	 8.38834E+00	 9.50132E+00	 8.08204E+00	 1.38670E+01	 1.42713E+01	 1.57450E+01	 3.10724E+01	 2.40988E+01	 1.53567E+01	 5.57006E+00	 4.25000E+00	 2.31632E+01	 2.99747E+01	 4.63478E+01	 4.60426E+01	 3.71206E+01	 4.93628E+01	 5.89495E+01	 3.50601E+01	 1.43834E+01	 1.23363E+01	 1.78567E+01	 2.12906E+01	 2.65990E+01	 1.85576E+01	 1.04909E+01	 4.36122E+00	 7.88564E+00	 9.91767E+00	 1.56017E+01	 1.80484E+01	 2.22247E+01	 1.70864E+01	 1.26176E+01
 1.06017E+01	 7.54433E+00	 8.11660E+00	 1.01972E+01	 1.30640E+01	 1.75977E+01	 1.03578E+01	 1.13002E+01	 1.21360E+01	 2.35150E+01	 2.59068E+01	 1.66807E+01	 1.68617E+01	 1.59309E+01	 1.24838E+01	 1.72089E+01	 1.46555E+01	 1.25655E+01	 9.59493E+00	 2.44141E+01	 3.16957E+01	 3.13201E+01	 2.16551E+01	 1.52902E+01	 8.37703E+00	 1.18477E+01	 8.18085E+00	 8.64919E+00	 7.93739E+00	 9.20573E+00	 1.45167E+01	 1.67667E+01	 2.20087E+01	 2.28008E+01	 1.57286E+01	 5.77667E+00	 2.36166E+00	 3.81284E+00	 1.69367E+01	 2.08169E+01	 3.61845E+01	 3.72553E+01	 3.91044E+01	 3.91380E+01	 4.21324E+01	 2.85335E+01	 1.60561E+01	 2.13870E+01	 2.18592E+01	 2.36274E+01	 1.49523E+01	 7.17358E+00	 8.27760E+00	 6.11298E+00	 6.48091E+00	 6.50176E+00	 1.25000E+01	 1.56423E+01	 1.28272E+01	 5.91902E+00	 4.94789E+00
 8.15222E+00	 6.87951E+00	 6.83301E+00	 8.75990E+00	 1.13142E+01	 1.97902E+01	 1.55217E+01	 1.11252E+01	 9.94463E+00	 1.08856E+01	 1.27023E+01	 1.24706E+01	 1.32365E+01	 1.17903E+01	 1.50198E+01	 2.66943E+01	 2.52915E+01	 1.38770E+01	 1.88486E+01	 3.20087E+01	 3.37151E+01	 2.18874E+01	 1.59908E+01	 1.67183E+01	 1.92338E+01	 1.94770E+01	 1.45334E+01	 9.99083E+00	 8.64557E+00	 8.06284E+00	 1.17514E+01	 1.82362E+01	 2.23789E+01	 1.60322E+01	 1.04885E+01	 5.83029E+00	 4.61068E+00	 4.66458E+00	 6.83002E+00	 5.95326E+00	 1.56867E+01	 3.59632E+01	 4.23187E+01	 3.46109E+01	 3.53123E+01	 1.90701E+01	 1.35732E+01	 2.14811E+01	 2.26252E+01	 2.10792E+01	 8.64919E+00	 6.26543E+00	 9.05340E+00	 1.52989E+01	 1.89418E+01	 1.09683E+01	 1.51167E+01	 1.66370E+01	 9.96926E+00	 5.63834E+00	 5.68672E+00
 6.97413E+00	 6.09270E+00	 6.85923E+00	 8.60923E+00	 9.70890E+00	 1.02638E+01	 1.01089E+01	 7.22280E+00	 7.11696E+00	 7.52859E+00	 1.17490E+01	 1.28555E+01	 1.34100E+01	 1.12588E+01	 1.55309E+01	 2.39683E+01	 2.78789E+01	 2.54211E+01	 2.17138E+01	 2.75544E+01	 3.20760E+01	 1.89865E+01	 1.71202E+01	 1.78517E+01	 1.86874E+01	 1.71465E+01	 1.57698E+01	 1.07419E+01	 9.56151E+00	 8.80915E+00	 1.11360E+01	 1.90285E+01	 2.75802E+01	 1.39033E+01	 4.80335E+00	 2.82488E+00	 3.76435E+00	 2.67661E+00	 3.02859E+00	 4.34119E+00	 1.85596E+01	 3.46845E+01	 3.53265E+01	 1.95489E+01	 1.85552E+01	 1.91696E+01	 1.47408E+01	 1.92339E+01	 1.89634E+01	 1.45830E+01	 8.25460E+00	 4.25495E+00	 6.44029E+00	 2.02557E+01	 2.19468E+01	 1.39822E+01	 1.47154E+01	 1.22293E+01	 8.14108E+00	 5.88431E+00	 3.82729E+00
 5.24086E+00	 6.72595E+00	 8.05335E+00	 9.36926E+00	 1.10104E+01	 9.93085E+00	 7.00353E+00	 7.46019E+00	 1.10346E+01	 1.01696E+01	 8.06782E+00	 8.25000E+00	 9.12023E+00	 1.12505E+01	 1.74305E+01	 2.37109E+01	 2.59632E+01	 2.62896E+01	 1.88725E+01	 1.41424E+01	 1.32668E+01	 1.56252E+01	 2.02035E+01	 2.98730E+01	 2.86104E+01	 3.29962E+01	 2.97835E+01	 2.03555E+01	 9.99311E+00	 7.37747E+00	 9.00000E+00	 9.64557E+00	 9.45978E+00	 6.69168E+00	 3.20979E+00	 2.09654E+00	 3.35748E+00	 4.89428E+00	 2.94156E+00	 5.43851E+00	 2.53260E+01	 3.68541E+01	 2.28265E+01	 9.31051E+00	 6.88431E+00	 1.10403E+01	 9.24189E+00	 1.77035E+01	 1.70403E+01	 2.16370E+01	 2.04051E+01	 1.05972E+01	 6.09270E+00	 7.55915E+00	 9.77805E+00	 7.89551E+00	 8.41458E+00	 1.10610E+01	 1.00122E+01	 1.46921E+01	 1.32374E+01
 6.36466E+00	 6.49081E+00	 6.08229E+00	 1.04367E+01	 1.61660E+01	 1.97530E+01	 1.15853E+01	 4.66725E+00	 5.13110E+00	 5.33636E+00	 6.50000E+00	 7.83366E+00	 9.16324E+00	 1.28666E+01	 1.65853E+01	 2.06341E+01	 2.18201E+01	 2.06569E+01	 1.44811E+01	 1.06671E+01	 1.01696E+01	 1.28834E+01	 2.05026E+01	 4.00817E+01	 5.47372E+01	 6.08913E+01	 4.67942E+01	 3.68692E+01	 2.34443E+01	 9.69168E+00	 6.15777E+00	 1.07698E+01	 1.17450E+01	 7.84980E+00	 3.70885E+00	 3.69298E+00	 2.61842E+00	 2.95462E+00	 4.17512E+00	 3.97333E+00	 2.56585E+01	 6.13136E+01	 5.37553E+01	 2.02652E+01	 7.61926E+00	 3.80016E+00	 7.40548E+00	 1.33083E+01	 9.78887E+00	 5.25000E+00	 1.83463E+01	 2.43155E+01	 2.17729E+01	 1.26092E+01	 7.13604E+00	 7.26943E+00	 7.01901E+00	 7.18851E+00	 8.73646E+00	 1.33874E+01	 1.14472E+01
 9.83911E+00	 1.01270E+01	 1.15949E+01	 9.46869E+00	 1.74367E+01	 2.99651E+01	 2.11568E+01	 6.82774E+00	 3.94168E+00	 4.00000E+00	 7.77438E+00	 1.07319E+01	 1.56360E+01	 1.39625E+01	 9.90415E+00	 8.16921E+00	 1.54908E+01	 1.83291E+01	 1.49055E+01	 1.17513E+01	 1.28251E+01	 1.87667E+01	 2.42084E+01	 2.80384E+01	 4.47164E+01	 5.70066E+01	 5.26857E+01	 4.36400E+01	 2.98109E+01	 1.41356E+01	 7.00990E+00	 6.75000E+00	 5.00000E+00	 6.83029E+00	 3.83301E+00	 2.41391E+00	 1.73754E+00	 3.05121E+00	 2.77667E+00	 2.96769E+00	 1.06257E+01	 2.13305E+01	 2.67700E+01	 2.72526E+01	 1.60402E+01	 7.38337E+00	 7.85173E+00	 8.36122E+00	 7.63472E+00	 5.47595E+00	 7.87253E+00	 1.54809E+01	 2.13703E+01	 2.35940E+01	 2.35951E+01	 1.62571E+01	 9.46373E+00	 8.84159E+00	 9.73738E+00	 1.24950E+01	 1.08178E+01
 8.65415E+00	 8.24311E+00	 1.12846E+01	 1.34885E+01	 1.17098E+01	 1.41935E+01	 1.15972E+01	 8.80335E+00	 6.04838E+00	 4.77805E+00	 6.49081E+00	 9.62385E+00	 1.22408E+01	 1.10000E+01	 9.38737E+00	 7.70425E+00	 6.60173E+00	 1.03923E+01	 1.61632E+01	 1.84249E+01	 1.37459E+01	 1.60217E+01	 2.01284E+01	 2.34938E+01	 2.57628E+01	 2.90426E+01	 3.07155E+01	 3.18541E+01	 3.54969E+01	 3.68951E+01	 2.91463E+01	 1.18893E+01	 3.05016E+00	 4.32006E+00	 3.45284E+00	 3.21113E+00	 3.50000E+00	 3.45614E+00	 2.95330E+00	 2.60398E+00	 7.50000E+00	 1.86867E+01	 2.35426E+01	 2.05760E+01	 1.06270E+01	 4.53887E+00	 8.78887E+00	 1.25820E+01	 8.33804E+00	 4.98206E+00	 5.70751E+00	 2.60375E+00	 5.80832E+00	 8.36528E+00	 1.44196E+01	 1.79720E+01	 1.74638E+01	 1.48485E+01	 1.12513E+01	 1.35013E+01	 1.01522E+01
 9.01979E+00	 9.33366E+00	 1.19625E+01	 2.58893E+01	 3.58617E+01	 2.59317E+01	 1.67880E+01	 1.01216E+01	 4.90280E+00	 4.29716E+00	 1.04839E+01	 1.75963E+01	 1.40982E+01	 1.02862E+01	 1.02776E+01	 1.08920E+01	 9.42587E+00	 8.17986E+00	 1.01411E+01	 1.46895E+01	 1.71572E+01	 2.08463E+01	 1.81632E+01	 1.95933E+01	 1.93251E+01	 2.19634E+01	 2.08597E+01	 2.36829E+01	 3.00562E+01	 3.75477E+01	 3.31773E+01	 2.02945E+01	 5.76484E+00	 4.51943E+00	 4.25000E+00	 2.84895E+00	 2.27342E+00	 3.29877E+00	 3.24770E+00	 3.37845E+00	 8.14557E+00	 1.68703E+01	 2.08468E+01	 1.46867E+01	 6.34980E+00	 3.15498E+00	 3.85443E+00	 4.83229E+00	 5.32058E+02	 5.51883E+02	 3.82729E+00	 3.65881E+00	 3.87155E+00	 5.35173E+00	 1.16203E+01	 2.46362E+01	 3.03604E+01	 2.07748E+01	 1.04417E+01	 7.98186E+00	 5.77760E+00
 5.08451E+00	 8.45841E+00	 1.30837E+01	 1.67652E+01	 2.14517E+01	 2.14249E+01	 1.73454E+01	 1.70534E+01	 1.68477E+01	 2.06230E+01	 3.21809E+01	 4.39595E+01	 4.32926E+01	 3.09192E+01	 2.19980E+01	 2.27322E+01	 1.44115E+01	 1.07450E+01	 1.05326E+01	 1.24819E+01	 1.82469E+01	 2.06203E+01	 1.74535E+01	 1.54874E+01	 1.43411E+01	 1.69336E+01	 2.17438E+01	 2.02587E+01	 1.59443E+01	 1.83870E+01	 1.44959E+01	 7.40642E+00	 6.06822E+00	 4.31822E+00	 3.68779E+00	 3.62344E+00	 3.12344E+00	 3.36122E+00	 3.48781E+00	 3.67196E+00	 6.23781E+00	 9.27438E+00	 1.19196E+01	 9.25529E+00	 6.57774E+00	 4.14013E+00	 3.81669E+00	 3.03424E+00	 2.58215E+00	 2.25000E+00	 3.92465E+00	 4.86211E+00	 5.00135E+00	 5.91364E+00	 1.24236E+01	 2.57995E+01	 2.66770E+01	 1.36809E+01	 3.45979E+00	 2.81284E+00	 5.13737E+00
 4.28887E+00	 6.29019E+00	 1.02319E+01	 9.28802E+00	 9.14551E+00	 1.02319E+01	 1.43122E+01	 1.73860E+01	 2.17910E+01	 2.53963E+01	 3.62650E+01	 4.83486E+01	 4.84913E+01	 3.69566E+01	 4.10742E+01	 3.83193E+01	 4.15706E+01	 4.27619E+01	 4.69494E+01	 3.00765E+01	 2.40030E+01	 1.78232E+01	 1.55159E+01	 1.53387E+01	 1.38416E+01	 1.33923E+01	 1.55099E+01	 1.39259E+01	 1.02437E+01	 6.66902E+00	 4.00176E+00	 5.09493E+00	 6.24595E+00	 5.16364E+00	 6.71926E+00	 5.98010E+00	 4.33002E+00	 4.50176E+00	 4.33451E+00	 4.99093E+00	 5.10173E+00	 5.54838E+00	 5.79838E+00	 5.19757E+00	 4.84173E+00	 7.24189E+00	 7.85570E+00	 5.09483E+00	 3.82729E+00	 2.92819E+00	 6.12615E+00	 6.27358E+00	 7.49688E+00	 9.44826E+00	 8.16378E+00	 7.74503E+00	 1.20610E+01	 1.01677E+01	 9.50495E+00	 7.64791E+00	 1.09150E+01
 5.64579E+00	 8.31782E+00	 9.43921E+00	 1.25403E+01	 4.88472E+00	 4.71791E+00	 4.99595E+00	 4.64557E+00	 7.25000E+00	 1.42622E+01	 2.68703E+01	 4.58368E+01	 5.82566E+01	 5.79603E+01	 5.06089E+01	 5.25173E+01	 4.69359E+01	 4.73292E+01	 5.15247E+01	 4.60702E+01	 3.01908E+01	 1.70927E+01	 1.57945E+01	 1.78387E+01	 1.51455E+01	 1.38400E+01	 1.28002E+01	 1.00443E+01	 1.31252E+01	 1.34236E+01	 9.17358E+00	 3.91380E+00	 4.39196E+00	 6.26943E+00	 6.09575E+00	 1.27206E+01	 2.40434E+01	 2.32138E+01	 1.21542E+01	 5.75000E+00	 4.25000E+00	 4.88472E+00	 4.72786E+00	 5.63834E+00	 1.08834E+01	 1.60968E+01	 1.49270E+01	 1.07043E+01	 9.43281E+00	 4.63472E+00	 3.50000E+00	 7.86122E+00	 1.37206E+01	 1.54904E+01	 2.10207E+01	 3.53887E+01	 3.51943E+01	 2.17848E+01	 2.57554E+01	 2.54305E+01	 2.26341E+01
 7.96926E+00	 3.78391E+00	 6.13834E+00	 1.12374E+01	 5.29810E+00	 7.25354E+00	 1.37319E+01	 9.88564E+00	 5.25000E+00	 5.67358E+00	 1.24336E+01	 3.10724E+01	 6.84427E+01	 8.31831E+01	 9.35436E+01	 9.80273E+01	 1.04280E+02	 1.06908E+02	 8.51266E+01	 6.31109E+01	 4.18143E+01	 1.98911E+01	 1.78475E+01	 1.88152E+01	 2.18320E+01	 1.69421E+01	 1.06555E+01	 8.76901E+00	 1.21013E+01	 1.54299E+01	 6.16501E+00	 4.28856E+00	 5.45190E+00	 5.42587E+00	 8.59542E+00	 2.11768E+01	 4.43900E+01	 4.72804E+01	 3.42774E+01	 1.49959E+01	 1.41433E+01	 1.79786E+01	 2.42902E+01	 2.69068E+01	 3.33109E+01	 3.73368E+01	 2.57896E+01	 1.26899E+01	 9.71462E+00	 8.83229E+00	 1.06591E+01	 1.61465E+01	 2.73604E+01	 3.07213E+01	 3.33151E+01	 3.55335E+01	 5.04847E+01	 5.75820E+01	 4.42216E+01	 1.96270E+01	 1.25484E+01
 6.75000E+00	 4.66683E+00	 5.88737E+00	 1.21696E+01	 8.34173E+00	 1.58806E+01	 2.50311E+01	 2.41482E+01	 2.11330E+01	 1.18656E+01	 4.64196E+00	 1.13323E+01	 2.04171E+01	 4.04685E+01	 6.66489E+01	 9.05762E+01	 8.44206E+01	 9.64276E+01	 8.69370E+01	 6.60662E+01	 4.49389E+01	 2.96104E+01	 2.19236E+01	 1.66551E+01	 2.07926E+01	 1.67138E+01	 1.33734E+01	 8.72786E+00	 9.87845E+00	 7.31822E+00	 6.25000E+00	 4.46641E+00	 3.23206E+00	 5.07467E+00	 1.41341E+01	 3.66400E+01	 5.12497E+01	 4.07568E+01	 2.93292E+01	 3.71782E+01	 3.16482E+01	 3.73260E+01	 3.65426E+01	 3.88830E+01	 3.35643E+01	 2.71167E+01	 1.61112E+01	 1.29969E+01	 1.04684E+01	 1.24535E+01	 2.29793E+01	 2.55669E+01	 3.00384E+01	 4.90918E+01	 4.79563E+01	 3.34770E+01	 3.81011E+01	 4.86338E+01	 6.68219E+01	 3.74817E+01	 1.52125E+01
 6.01259E+00	 5.38834E+00	 4.50873E+00	 5.59846E+00	 1.21055E+01	 1.78841E+01	 2.66718E+01	 3.40068E+01	 1.98341E+01	 1.41219E+01	 7.26979E+00	 5.12253E+00	 5.47595E+00	 9.58002E+00	 3.26718E+01	 6.59232E+01	 7.91587E+01	 9.84768E+01	 8.22220E+01	 6.87461E+01	 3.91393E+01	 1.88502E+01	 7.46826E+00	 1.41956E+01	 2.20804E+01	 2.72811E+01	 1.90005E+01	 1.07500E+01	 8.99045E+00	 1.06836E+01	 8.89514E+00	 4.98171E+00	 3.78074E+00	 7.25135E+00	 2.52875E+01	 4.49118E+01	 4.60384E+01	 4.98419E+01	 4.57926E+01	 4.81402E+01	 4.83668E+01	 3.95846E+01	 3.48862E+01	 4.02863E+01	 3.41387E+01	 1.77057E+01	 1.24878E+01	 1.67530E+01	 1.41817E+01	 2.27995E+01	 2.74938E+01	 2.12650E+01	 2.46569E+01	 3.59068E+01	 2.51818E+01	 2.37480E+01	 3.42438E+01	 4.34385E+01	 4.97225E+01	 2.77480E+01	 1.05830E+01
 6.10804E+00	 4.33804E+00	 6.64108E+00	 7.44206E+00	 9.57642E+00	 1.28578E+01	 1.74904E+01	 1.73770E+01	 7.86660E+00	 6.49229E+00	 5.71552E+00	 3.37385E+00	 4.14557E+00	 3.93890E+00	 1.14535E+01	 3.42058E+01	 7.57270E+01	 9.76804E+01	 9.33718E+01	 6.66057E+01	 3.01451E+01	 8.84542E+00	 8.29838E+00	 1.67374E+01	 2.85150E+01	 2.52862E+01	 1.68798E+01	 1.46895E+01	 1.16017E+01	 9.36660E+00	 1.02839E+01	 6.17987E+00	 4.08304E+00	 5.03391E+00	 1.23513E+01	 1.91809E+01	 2.50489E+01	 3.88202E+01	 3.45702E+01	 5.51857E+01	 6.37384E+01	 5.35959E+01	 3.28224E+01	 1.91203E+01	 1.30837E+01	 1.59270E+01	 1.91032E+01	 2.10669E+01	 2.20316E+01	 2.85318E+01	 3.05979E+01	 1.61252E+01	 2.14878E+01	 3.96551E+01	 1.93784E+01	 1.52690E+01	 3.89526E+01	 5.35848E+01	 4.13610E+01	 1.80495E+01	 1.01867E+01
 3.12344E+00	 5.39514E+00	 6.25771E+00	 6.64791E+00	 5.60081E+00	 8.86528E+00	 1.27419E+01	 1.24706E+01	 1.15968E+01	 6.69961E+00	 3.95917E+00	 2.27651E+00	 4.19719E+00	 1.46732E+01	 2.66957E+01	 3.71641E+01	 4.93602E+01	 6.38557E+01	 6.48368E+01	 4.03202E+01	 3.48291E+01	 1.84055E+01	 1.18511E+01	 1.07880E+01	 1.91117E+01	 1.80362E+01	 1.34100E+01	 9.53087E+00	 8.74189E+00	 9.31016E+00	 5.49473E+00	 5.84173E+00	 9.32774E+00	 1.01621E+01	 5.10173E+00	 7.03658E+00	 1.00000E+01	 1.12206E+01	 3.16773E+01	 6.89104E+01	 7.72011E+01	 6.80914E+01	 3.13417E+01	 1.45489E+01	 2.19816E+01	 2.09793E+01	 2.57247E+01	 2.17659E+01	 2.47316E+01	 2.75023E+01	 2.78022E+01	 3.06836E+01	 3.14609E+01	 2.75986E+01	 1.82469E+01	 1.42400E+01	 2.13841E+01	 3.42351E+01	 2.24664E+01	 1.31885E+01	 2.76817E+01
 4.32228E+00	 5.98091E+00	 4.80039E+00	 6.53656E+00	 7.93851E+00	 9.05915E+00	 1.40276E+01	 1.12184E+01	 8.38340E+00	 7.25000E+00	 6.45418E+00	 4.54115E+00	 5.20841E+00	 1.73784E+01	 3.04526E+01	 3.55701E+01	 3.36949E+01	 3.17700E+01	 3.45963E+01	 2.67989E+01	 2.98667E+01	 1.91289E+01	 9.82716E+00	 8.08002E+00	 8.20425E+00	 7.71245E+00	 1.19150E+01	 1.34472E+01	 8.85113E+00	 7.49189E+00	 7.44757E+00	 7.13337E+00	 1.55594E+01	 2.19055E+01	 4.67825E+00	 5.00000E+00	 8.52519E+00	 1.87945E+01	 3.95825E+01	 6.70830E+01	 7.99336E+01	 5.30639E+01	 2.24638E+01	 2.50963E+01	 2.15998E+01	 2.36762E+01	 2.47518E+01	 2.44634E+01	 1.99832E+01	 2.27667E+01	 1.63337E+01	 1.86017E+01	 2.68328E+01	 1.90439E+01	 1.18555E+01	 1.27505E+01	 1.37035E+01	 1.11257E+01	 1.04602E+01	 9.66767E+00	 3.35384E+01
 1.32134E+01	 1.58358E+01	 8.17078E+00	 8.57774E+00	 7.38737E+00	 1.01600E+01	 1.03300E+01	 1.01917E+01	 8.87568E+00	 1.04919E+01	 5.11068E+00	 2.64229E+00	 6.68716E+00	 1.91555E+01	 3.15026E+01	 4.08123E+01	 3.94145E+01	 2.63734E+01	 2.65221E+01	 2.32708E+01	 2.78265E+01	 2.28325E+01	 1.35800E+01	 6.36477E+00	 6.09348E+00	 7.09980E+00	 7.30497E+00	 6.14108E+00	 5.75000E+00	 8.84493E+00	 6.98189E+00	 1.43734E+01	 2.62650E+01	 2.81805E+01	 1.88102E+01	 7.88472E+00	 5.60032E+00	 1.92606E+01	 3.69938E+01	 5.32553E+01	 5.85986E+01	 5.37799E+01	 3.38262E+01	 3.27201E+01	 3.36773E+01	 2.71551E+01	 2.37648E+01	 2.06092E+01	 1.81284E+01	 8.82315E+00	 1.22797E+01	 1.34204E+01	 1.72903E+01	 1.34005E+01	 1.08567E+01	 1.31809E+01	 1.24747E+01	 1.38061E+01	 1.32640E+01	 1.58517E+01	 3.04318E+01
 2.36768E+01	 2.59757E+01	 1.46284E+01	 1.07459E+01	 1.38449E+01	 1.51895E+01	 1.73793E+01	 1.70605E+01	 3.38182E+01	 2.38490E+01	 1.07776E+01	 5.88737E+00	 1.04865E+01	 1.93044E+01	 2.69418E+01	 3.23685E+01	 3.23302E+01	 2.75361E+01	 2.24262E+01	 2.03387E+01	 2.21615E+01	 1.58155E+01	 6.63340E+00	 5.84720E+00	 4.79189E+00	 6.14329E+00	 6.09159E+00	 7.06963E+00	 4.28130E+00	 7.73091E+00	 1.04168E+01	 1.84661E+01	 2.50935E+01	 3.80434E+01	 2.45982E+01	 1.17423E+01	 9.03355E+00	 2.65724E+01	 3.31618E+01	 4.51387E+01	 5.67095E+01	 5.06185E+01	 4.10152E+01	 3.13617E+01	 3.74573E+01	 3.43628E+01	 2.22089E+01	 1.92134E+01	 1.85615E+01	 7.18672E+00	 9.69487E+00	 1.37527E+01	 1.34747E+01	 1.23427E+01	 1.17776E+01	 9.30609E+00	 1.44908E+01	 2.09171E+01	 3.49757E+01	 4.83529E+01	 4.66742E+01
 2.40145E+01	 2.23652E+01	 1.93468E+01	 2.21593E+01	 4.48330E+01	 5.59289E+01	 4.12103E+01	 3.32612E+01	 3.60696E+01	 2.89676E+01	 1.58096E+01	 1.49204E+01	 2.21284E+01	 2.28305E+01	 2.90373E+01	 2.97355E+01	 2.80841E+01	 2.79329E+01	 2.25643E+01	 1.76551E+01	 1.63870E+01	 1.23567E+01	 6.24503E+00	 4.84348E+00	 3.50577E+00	 8.27181E+00	 7.76402E+00	 4.61692E+00	 6.46019E+00	 7.21870E+00	 1.01546E+01	 1.39403E+01	 2.87713E+01	 2.72233E+01	 1.60846E+01	 1.09038E+01	 1.79927E+01	 3.30415E+01	 3.46230E+01	 3.95812E+01	 5.47581E+01	 4.31041E+01	 2.95760E+01	 1.67419E+01	 2.35652E+01	 2.48784E+01	 1.08358E+01	 7.43085E+00	 3.25176E+00	 7.94302E+00	 1.16561E+01	 2.79748E+01	 2.34901E+01	 1.52939E+01	 1.23251E+01	 1.05988E+01	 1.37514E+01	 2.02541E+01	 3.65096E+01	 4.97790E+01	 3.90940E+01
