//Exported ASCII-File
[Header]
FileName = C:\Users\reoml\Desktop\Mestrado\mapa raman\novas medidas\Medidas Raman - Rafael\Medidas Raman - Rafael\GO em substrato metalico (0.01 com e sem EDA) - Rafael.WIP
ImageName = Scan_004_Spec.Data 1_F: Min & Max -> Maximum [2811.2 rel. 1/cm -> 3030.3 rel. 1/cm]
PointsPerLine = 61
LinesPerImage = 61
ScanUnit = µm
ScanWidth = 30
ScanHeight = 30
ScanOriginX = 3.34200000762939
ScanOriginY = -1.30799996852875
ScanOriginZ = 0
DataUnit = CCD cts
[Data]
 3.82882E+01	 3.91939E+01	 3.75537E+01	 3.47267E+01	 3.32678E+01	 3.62744E+01	 4.40369E+01	 3.62000E+02	 4.72401E+01	 3.29722E+01	 3.27817E+01	 3.83043E+01	 3.62528E+01	 3.22799E+01	 3.48591E+01	 3.69130E+01	 3.48146E+01	 3.67906E+01	 3.35900E+01	 3.33909E+01	 3.49556E+01	 3.59185E+01	 3.47158E+01	 3.46117E+01	 3.41206E+01	 3.83951E+01	 2.95000E+01	 3.26685E+01	 3.72044E+01	 3.76298E+01	 3.67500E+01	 3.36963E+01	 3.84685E+01	 4.13831E+01	 4.43531E+01	 3.95473E+01	 3.62416E+01	 3.35000E+01	 3.60025E+01	 3.83770E+01	 3.36091E+01	 3.51225E+01	 3.55455E+01	 3.86880E+01	 3.42952E+01	 3.61630E+01	 3.89334E+01	 4.17602E+01	 3.98725E+01	 4.90000E+01	 3.76471E+01	 3.76902E+01	 3.51340E+01	 3.71409E+01	 3.40001E+01	 3.09001E+01	 3.66258E+01	 3.22240E+01	 3.26822E+01	 3.33409E+01	 3.55000E+01
 3.50619E+01	 3.12503E+01	 3.55000E+01	 3.61059E+01	 3.01498E+01	 3.00543E+01	 3.51488E+01	 3.00952E+01	 2.96144E+01	 2.98322E+01	 3.32500E+01	 3.07232E+01	 3.00502E+01	 3.04000E+01	 3.29728E+01	 3.37228E+01	 3.28614E+01	 2.97303E+01	 2.98686E+01	 3.56657E+01	 3.09457E+01	 2.93487E+01	 3.03135E+01	 2.87507E+01	 3.01488E+01	 3.33840E+01	 3.06880E+01	 3.23731E+01	 2.88863E+01	 3.43702E+01	 2.89000E+01	 3.20000E+01	 3.05536E+01	 3.17956E+01	 3.34718E+01	 3.89848E+01	 4.09660E+01	 3.32119E+01	 3.13752E+01	 3.07955E+01	 3.39185E+01	 2.90007E+01	 2.96114E+01	 3.04295E+01	 2.89087E+01	 3.07003E+01	 3.30113E+01	 3.18794E+01	 3.09069E+01	 3.36068E+01	 3.39000E+01	 3.05452E+01	 2.87274E+01	 2.83185E+01	 3.28318E+01	 3.05543E+01	 2.98318E+01	 2.97500E+01	 2.95139E+01	 2.75000E+01	 2.88914E+01
 2.91484E+01	 3.01520E+01	 2.99640E+01	 3.00800E+01	 3.21822E+01	 3.23660E+01	 3.26245E+01	 3.22044E+01	 3.13953E+01	 3.22799E+01	 3.42500E+01	 3.17500E+01	 3.36068E+01	 2.96117E+01	 7.75273E+02	 1.88340E+02	 3.39136E+01	 3.16720E+01	 3.01206E+01	 3.47500E+01	 3.08864E+01	 2.98637E+01	 3.33090E+01	 3.31484E+01	 3.01453E+01	 3.20363E+01	 3.00000E+01	 3.01526E+01	 3.16569E+01	 3.39683E+01	 3.45815E+01	 3.53016E+01	 3.75177E+01	 3.47147E+01	 3.36471E+01	 3.37884E+01	 3.48492E+01	 3.39402E+01	 3.76087E+01	 3.16409E+01	 3.38343E+01	 3.00187E+01	 4.03529E+01	 3.11086E+01	 3.32521E+01	 3.36131E+01	 3.25088E+01	 2.96206E+01	 3.25317E+01	 3.36706E+01	 3.26129E+01	 3.52040E+01	 3.12817E+01	 3.04432E+01	 3.01589E+01	 3.13135E+01	 2.79548E+01	 3.41657E+01	 3.01526E+01	 3.52274E+01	 3.28523E+01
 3.21252E+01	 3.36090E+01	 3.38590E+01	 3.41047E+01	 3.55726E+01	 3.23738E+01	 3.35000E+01	 3.55363E+01	 3.41822E+01	 3.53012E+01	 3.30409E+01	 3.58770E+01	 3.25000E+01	 3.17549E+01	 3.07048E+01	 3.54157E+01	 3.36838E+01	 3.01229E+01	 3.14001E+01	 3.39999E+01	 3.33637E+01	 3.13909E+01	 3.42143E+01	 3.44023E+01	 3.15914E+01	 3.32228E+01	 3.39457E+01	 3.30409E+01	 3.20000E+01	 3.18226E+01	 3.25363E+01	 3.42504E+01	 3.32768E+01	 3.37040E+01	 3.54722E+01	 3.21023E+01	 3.54023E+01	 3.58591E+01	 3.10409E+01	 3.44460E+01	 3.26548E+01	 3.21432E+01	 3.04457E+01	 3.26092E+01	 3.37744E+01	 3.36358E+01	 3.29992E+01	 2.83909E+01	 3.20000E+01	 3.30178E+01	 2.95543E+01	 3.15409E+01	 3.21929E+01	 3.11068E+01	 3.06183E+01	 3.02500E+01	 2.92232E+01	 3.57048E+01	 3.16726E+01	 3.20815E+01	 3.52228E+01
 3.06208E+01	 3.36587E+01	 3.11270E+01	 3.31451E+01	 3.23913E+01	 3.29774E+01	 3.29089E+01	 3.51471E+01	 3.72765E+01	 3.34887E+01	 3.52040E+01	 3.92726E+01	 2.96117E+01	 2.98185E+01	 3.17274E+01	 2.93226E+01	 3.03794E+01	 3.00941E+01	 3.14048E+01	 3.23913E+01	 3.30843E+01	 3.15774E+01	 3.11091E+01	 3.06409E+01	 2.99683E+01	 2.98909E+01	 3.36087E+01	 2.97744E+01	 2.98178E+01	 3.02956E+01	 3.30460E+01	 3.20666E+01	 3.33414E+01	 3.27500E+01	 3.10726E+01	 3.13932E+01	 3.21001E+01	 3.28364E+01	 3.24484E+01	 3.33413E+01	 3.23545E+01	 2.90499E+01	 3.15646E+01	 3.04735E+01	 3.31726E+01	 3.21726E+01	 3.12004E+01	 2.95764E+01	 2.75381E+01	 2.92641E+01	 2.90941E+01	 2.90000E+01	 3.01090E+01	 3.08794E+01	 3.14823E+01	 3.20909E+01	 3.10170E+01	 3.25000E+01	 3.12678E+01	 3.26252E+01	 3.51548E+01
 3.25403E+01	 2.89958E+01	 3.06229E+01	 3.19915E+01	 3.20460E+01	 3.09463E+01	 3.10049E+01	 3.46865E+01	 3.60843E+01	 3.62228E+01	 3.32500E+01	 3.07001E+01	 3.01657E+01	 3.25363E+01	 3.20774E+01	 3.40456E+01	 3.18480E+01	 3.12513E+01	 3.17955E+01	 3.20864E+01	 3.16046E+01	 3.11432E+01	 2.93909E+01	 3.12361E+01	 3.16270E+01	 3.19726E+01	 3.31153E+01	 2.91111E+01	 3.25903E+01	 3.10181E+01	 3.23729E+01	 3.52040E+01	 3.43400E+01	 3.12628E+01	 3.28549E+01	 3.46068E+01	 3.56410E+01	 3.30543E+01	 3.23863E+01	 3.51587E+01	 3.35635E+01	 3.09915E+01	 3.03318E+01	 3.02185E+01	 3.34823E+01	 3.36294E+01	 3.05442E+01	 3.10115E+01	 3.21294E+01	 3.30914E+01	 3.09647E+01	 3.07232E+01	 2.85456E+01	 3.12320E+01	 3.08886E+01	 3.06520E+01	 3.10977E+01	 3.28274E+01	 3.03932E+01	 3.17228E+01	 3.22772E+01
 3.44324E+01	 3.38296E+01	 3.31682E+01	 3.37728E+01	 2.80637E+01	 2.97137E+01	 3.05818E+01	 3.05590E+01	 3.12483E+01	 3.02863E+01	 3.20002E+01	 3.20001E+01	 3.45001E+01	 3.07044E+01	 3.12479E+01	 3.37500E+01	 3.07002E+01	 3.00726E+01	 3.19887E+01	 3.20000E+01	 3.08043E+01	 3.15543E+01	 3.21386E+01	 3.26248E+01	 3.52502E+01	 3.42948E+01	 3.59945E+01	 3.11657E+01	 3.31001E+01	 3.31003E+01	 3.21091E+01	 3.47639E+01	 3.31865E+01	 3.12500E+01	 3.29457E+01	 3.37528E+01	 3.35342E+01	 2.98817E+01	 3.33863E+01	 3.01028E+01	 3.21432E+01	 3.40815E+01	 3.19157E+01	 3.37500E+01	 3.49683E+01	 3.86409E+01	 3.54548E+01	 3.22048E+01	 3.50113E+01	 3.28636E+01	 3.20268E+01	 3.25000E+01	 3.39912E+01	 1.90387E+02	 1.01727E+02	 3.26865E+01	 3.14637E+01	 3.30000E+01	 3.56206E+01	 3.34658E+01	 3.15000E+01
 3.27179E+01	 3.27500E+01	 3.26183E+01	 3.02405E+01	 3.01386E+01	 3.34912E+01	 3.30678E+01	 3.27266E+01	 3.28226E+01	 3.02500E+01	 3.23909E+01	 3.46726E+01	 3.43909E+01	 3.50774E+01	 3.31091E+01	 3.46795E+01	 3.31453E+01	 3.60619E+01	 3.51227E+01	 3.26774E+01	 3.27955E+01	 3.35536E+01	 3.40496E+01	 3.30244E+01	 3.44976E+01	 3.29628E+01	 3.44144E+01	 3.31863E+01	 3.40813E+01	 3.31448E+01	 3.36587E+01	 3.20088E+01	 3.48729E+01	 3.61144E+01	 3.28910E+01	 3.36548E+01	 3.25595E+01	 3.12322E+01	 3.23988E+01	 3.17458E+01	 3.28771E+01	 3.34683E+01	 3.73274E+01	 3.27956E+01	 2.87500E+01	 3.33135E+01	 3.02634E+01	 3.16932E+01	 3.21324E+01	 3.07697E+01	 3.46324E+01	 3.27903E+01	 3.39220E+01	 3.31700E+01	 3.12500E+01	 3.01091E+01	 3.05000E+01	 3.27500E+01	 3.15000E+01	 3.36206E+01	 3.15342E+01
 3.15590E+01	 3.18452E+01	 3.11091E+01	 3.07500E+01	 2.98660E+01	 2.86049E+01	 3.03817E+01	 2.84569E+01	 3.13954E+01	 2.95000E+01	 3.03226E+01	 3.02863E+01	 2.83343E+01	 2.94182E+01	 3.12091E+01	 3.14363E+01	 3.12405E+01	 3.26358E+01	 3.41227E+01	 3.01229E+01	 3.08729E+01	 3.00134E+01	 3.16294E+01	 3.49226E+01	 3.18770E+01	 3.16439E+01	 3.24003E+01	 3.25843E+01	 3.21929E+01	 3.01657E+01	 3.08660E+01	 3.25952E+01	 3.13951E+01	 3.11049E+01	 3.06091E+01	 2.93137E+01	 3.13549E+01	 3.30500E+01	 3.08452E+01	 3.38727E+01	 3.38590E+01	 3.06865E+01	 2.98226E+01	 2.73499E+01	 2.78660E+01	 2.86029E+01	 3.01960E+01	 3.12639E+01	 3.22048E+01	 3.25456E+01	 3.28300E+01	 3.25363E+01	 3.28205E+01	 2.95774E+01	 3.13226E+01	 3.25177E+01	 3.32588E+01	 3.21929E+01	 3.10543E+01	 3.11657E+01	 3.05903E+01
 3.41091E+01	 3.12500E+01	 2.87158E+01	 3.18748E+01	 3.25134E+01	 2.92681E+01	 2.93971E+01	 2.96029E+01	 2.88343E+01	 2.81657E+01	 2.88814E+01	 2.78226E+01	 2.93770E+01	 2.95543E+01	 2.80268E+01	 2.86245E+01	 3.03226E+01	 3.42765E+01	 3.12677E+01	 2.92366E+01	 2.96029E+01	 3.00003E+01	 3.13824E+01	 3.00455E+01	 3.31504E+01	 3.22502E+01	 2.99583E+01	 3.14266E+01	 3.03090E+01	 3.01863E+01	 3.13908E+01	 3.06988E+01	 3.10909E+01	 3.16932E+01	 2.87158E+01	 2.80980E+01	 2.70720E+01	 2.94887E+01	 3.25317E+01	 3.56726E+01	 2.84683E+01	 3.14182E+01	 2.91227E+01	 2.82681E+01	 2.96454E+01	 2.99457E+01	 2.98636E+01	 2.88730E+01	 3.17451E+01	 2.91386E+01	 2.88071E+01	 3.02320E+01	 3.37183E+01	 3.12451E+01	 3.03824E+01	 2.91932E+01	 2.82272E+01	 2.77728E+01	 3.06454E+01	 2.99993E+01	 3.01001E+01
 2.70685E+01	 2.87500E+01	 2.72040E+01	 3.08040E+01	 3.20568E+01	 3.00000E+01	 3.31114E+01	 3.26386E+01	 3.10815E+01	 3.14951E+01	 2.86386E+01	 3.00409E+01	 2.94182E+01	 2.83547E+01	 3.00456E+01	 3.22500E+01	 3.18954E+01	 3.30571E+01	 3.23614E+01	 3.18090E+01	 3.26500E+01	 3.11046E+01	 2.98411E+01	 2.97500E+01	 3.22266E+01	 3.52863E+01	 3.14317E+01	 3.25444E+01	 3.04429E+01	 2.85637E+01	 3.11340E+01	 3.36409E+01	 2.91865E+01	 2.94640E+01	 2.97500E+01	 3.03863E+01	 2.96294E+01	 2.88409E+01	 3.03660E+01	 2.92500E+01	 3.23318E+01	 3.10590E+01	 2.85590E+01	 2.82387E+01	 3.15635E+01	 3.01592E+01	 2.84023E+01	 2.80000E+01	 2.91137E+01	 3.15000E+01	 3.11114E+01	 2.89774E+01	 3.01432E+01	 3.43794E+01	 3.18909E+01	 3.47044E+01	 3.11880E+01	 2.70638E+01	 2.87641E+01	 2.77999E+01	 2.71229E+01
 3.37903E+01	 2.81591E+01	 3.29089E+01	 2.94990E+01	 2.81589E+01	 2.89658E+01	 2.91227E+01	 2.93951E+01	 3.05409E+01	 3.21242E+01	 2.91636E+01	 2.78814E+01	 2.78742E+01	 2.86863E+01	 2.69089E+01	 2.80726E+01	 2.96409E+01	 3.26409E+01	 3.17817E+01	 3.08885E+01	 3.45425E+01	 3.20148E+01	 3.10000E+01	 2.90000E+01	 2.96526E+01	 3.23492E+01	 3.39673E+01	 3.49544E+01	 3.19157E+01	 3.27588E+01	 2.99637E+01	 2.87863E+01	 3.20546E+01	 2.89046E+01	 2.86248E+01	 2.97726E+01	 3.06477E+01	 2.92549E+01	 3.19905E+01	 3.33499E+01	 3.35796E+01	 3.51059E+01	 3.05787E+01	 2.90500E+01	 2.98523E+01	 3.06255E+01	 2.78684E+01	 2.96087E+01	 3.38090E+01	 2.70085E+01	 2.78226E+01	 2.93886E+01	 3.11409E+01	 3.13909E+01	 2.66270E+01	 3.18823E+01	 3.34800E+01	 2.74997E+01	 2.81144E+01	 3.04958E+01	 3.22585E+01
 2.96862E+01	 2.88092E+01	 2.88706E+01	 2.88954E+01	 3.19020E+01	 3.10181E+01	 3.01454E+01	 2.86363E+01	 2.81314E+01	 2.77863E+01	 2.97001E+01	 2.96500E+01	 2.67687E+01	 2.66954E+01	 2.93954E+01	 2.98702E+01	 2.82069E+01	 2.86117E+01	 2.90363E+01	 3.27542E+01	 3.62713E+01	 3.17500E+01	 2.97585E+01	 2.97415E+01	 2.96586E+01	 3.03393E+01	 3.37300E+01	 3.11439E+01	 3.13313E+01	 3.01363E+01	 2.77045E+01	 2.68706E+01	 2.73683E+01	 2.89658E+01	 2.90954E+01	 3.02952E+01	 2.99638E+01	 3.29023E+01	 2.94658E+01	 3.22504E+01	 3.15689E+01	 2.85085E+01	 2.68729E+01	 2.91363E+01	 2.97405E+01	 2.94363E+01	 2.86091E+01	 2.83706E+01	 3.13794E+01	 2.77272E+01	 2.82001E+01	 2.78954E+01	 3.18954E+01	 2.88840E+01	 2.78858E+01	 3.06087E+01	 3.08226E+01	 2.97493E+01	 2.86206E+01	 2.93068E+01	 2.99704E+01
 3.06863E+01	 3.38137E+01	 3.31227E+01	 3.16499E+01	 3.12319E+01	 2.80620E+01	 3.11160E+01	 2.80409E+01	 2.68755E+01	 2.74683E+01	 2.90085E+01	 3.03953E+01	 3.21001E+01	 2.80115E+01	 2.90255E+01	 3.18046E+01	 3.10181E+01	 2.99046E+01	 2.96957E+01	 3.10000E+01	 3.37726E+01	 3.39136E+01	 3.15540E+01	 3.07310E+01	 2.79139E+01	 2.98932E+01	 3.13770E+01	 2.84685E+01	 2.90678E+01	 2.95592E+01	 2.82690E+01	 2.81488E+01	 3.08000E+01	 3.01432E+01	 2.91546E+01	 3.03686E+01	 2.67585E+01	 2.58178E+01	 2.86559E+01	 2.98858E+01	 3.18090E+01	 3.25181E+01	 3.35384E+01	 3.23409E+01	 2.99637E+01	 3.06636E+01	 3.21248E+01	 3.23205E+01	 2.85000E+01	 2.84059E+01	 3.03951E+01	 2.76183E+01	 3.53545E+01	 3.02272E+01	 2.99089E+01	 2.92158E+01	 2.80543E+01	 2.77272E+01	 3.03226E+01	 3.06111E+01	 3.05363E+01
 3.01363E+01	 2.97598E+01	 3.10226E+01	 3.43361E+01	 3.19569E+01	 3.22500E+01	 3.06186E+01	 3.07500E+01	 2.96454E+01	 3.07402E+01	 3.24380E+01	 3.62140E+01	 3.11988E+01	 3.27903E+01	 3.47613E+01	 3.23873E+01	 2.89569E+01	 3.06454E+01	 3.51111E+01	 2.80298E+01	 2.86409E+01	 3.45000E+01	 2.81275E+01	 3.13762E+01	 3.27228E+01	 2.94226E+01	 3.13727E+01	 3.26356E+01	 2.87500E+01	 3.10671E+01	 2.83771E+01	 2.98794E+01	 2.99830E+01	 2.81801E+01	 2.86090E+01	 3.13644E+01	 3.00568E+01	 2.93883E+01	 3.05088E+01	 3.05268E+01	 2.98729E+01	 2.85815E+01	 2.92507E+01	 3.06386E+01	 3.12670E+01	 2.90272E+01	 3.07648E+01	 2.80113E+01	 2.85455E+01	 2.85000E+01	 2.65620E+01	 2.72228E+01	 2.92122E+01	 2.91648E+01	 3.01441E+01	 3.14732E+01	 3.27000E+01	 2.71229E+01	 2.90543E+01	 3.17500E+01	 3.19402E+01
 2.96834E+01	 3.02500E+01	 3.22385E+01	 3.13441E+01	 3.32681E+01	 3.44429E+01	 3.37853E+01	 3.11999E+01	 3.74317E+01	 2.97952E+01	 2.79902E+01	 3.22680E+01	 3.30115E+01	 3.39685E+01	 3.25363E+01	 3.02185E+01	 2.89157E+01	 3.32235E+01	 2.75000E+01	 2.96499E+01	 3.07138E+01	 2.94195E+01	 2.92595E+01	 3.34915E+01	 3.39023E+01	 2.95000E+01	 2.85941E+01	 3.03908E+01	 3.02942E+01	 2.83951E+01	 3.11685E+01	 2.95498E+01	 3.11068E+01	 3.21795E+01	 2.99728E+01	 2.88893E+01	 2.87415E+01	 2.93809E+01	 3.22091E+01	 3.18972E+01	 3.16932E+01	 3.22215E+01	 2.94626E+01	 3.03030E+01	 3.13988E+01	 2.98771E+01	 2.86114E+01	 2.91091E+01	 2.79000E+01	 2.89912E+01	 3.28343E+01	 3.12772E+01	 2.94220E+01	 3.21208E+01	 3.07300E+01	 2.90265E+01	 2.88725E+01	 3.05000E+01	 3.25452E+01	 2.74315E+01	 2.90177E+01
 3.55831E+01	 3.12726E+01	 2.86583E+01	 3.20460E+01	 2.76321E+01	 3.20282E+01	 3.18721E+01	 3.47561E+01	 3.29726E+01	 3.32942E+01	 3.26736E+01	 3.44920E+01	 3.22500E+01	 3.00268E+01	 3.26229E+01	 3.13138E+01	 2.96386E+01	 2.93642E+01	 2.84280E+01	 3.74220E+01	 2.87733E+01	 3.39185E+01	 3.68910E+01	 3.07680E+01	 3.13977E+01	 3.08120E+01	 2.84640E+01	 3.05098E+01	 2.95268E+01	 3.11648E+01	 3.28727E+01	 3.09679E+01	 3.25671E+01	 3.31160E+01	 2.93824E+01	 2.90676E+01	 2.86704E+01	 2.90000E+01	 3.20000E+01	 2.84772E+01	 3.26029E+01	 2.97415E+01	 3.21045E+01	 3.28046E+01	 3.17500E+01	 3.04972E+01	 3.09200E+01	 3.15088E+01	 3.20127E+01	 3.07500E+01	 3.40000E+01	 3.19823E+01	 2.84866E+01	 3.03538E+01	 2.91001E+01	 3.07361E+01	 2.86049E+01	 3.09979E+01	 2.87065E+01	 3.46455E+01	 3.21471E+01
 3.64954E+01	 3.34317E+01	 3.18686E+01	 3.14500E+01	 3.24185E+01	 3.12768E+01	 3.69772E+01	 3.74000E+01	 3.05040E+01	 3.24324E+01	 3.25634E+01	 3.26929E+01	 3.42266E+01	 3.61815E+01	 3.23409E+01	 3.10980E+01	 3.20134E+01	 3.48043E+01	 3.35997E+01	 3.50003E+01	 3.66363E+01	 3.09089E+01	 3.27502E+01	 3.52002E+01	 3.39097E+01	 2.95852E+01	 3.23000E+01	 3.38441E+01	 3.05720E+01	 3.31432E+01	 3.19000E+01	 3.72677E+01	 3.24885E+01	 3.36206E+01	 3.23988E+01	 3.27500E+01	 3.55000E+01	 2.96029E+01	 3.26829E+01	 3.13683E+01	 3.23068E+01	 3.43480E+01	 3.23706E+01	 3.02960E+01	 3.29728E+01	 3.06294E+01	 3.01432E+01	 3.07863E+01	 3.03676E+01	 3.43951E+01	 3.26520E+01	 3.01386E+01	 3.30512E+01	 3.12884E+01	 3.31342E+01	 3.34220E+01	 3.33300E+01	 3.23683E+01	 3.38840E+01	 2.95000E+01	 2.98300E+01
 3.23508E+01	 3.21180E+01	 3.08580E+01	 3.35980E+01	 2.99157E+01	 2.97500E+01	 3.52794E+01	 3.37045E+01	 2.61049E+01	 2.88409E+01	 3.18775E+01	 3.08875E+01	 3.50403E+01	 3.69000E+01	 3.20815E+01	 2.92500E+01	 2.61144E+01	 3.16717E+01	 3.11245E+01	 2.94086E+01	 3.16657E+01	 3.16589E+01	 2.88178E+01	 3.23439E+01	 3.02500E+01	 3.06657E+01	 3.22500E+01	 3.17274E+01	 3.49548E+01	 3.46597E+01	 2.61929E+01	 2.67320E+01	 3.31824E+01	 3.32772E+01	 3.19658E+01	 2.87500E+01	 2.87500E+01	 2.86413E+01	 2.76589E+01	 3.12510E+01	 3.27272E+01	 3.67361E+01	 3.13908E+01	 3.00178E+01	 3.18343E+01	 2.88660E+01	 3.40720E+01	 3.19679E+01	 2.92258E+01	 3.61602E+01	 3.25035E+01	 3.78955E+01	 2.86230E+01	 3.07678E+01	 3.04591E+01	 3.29100E+01	 3.36589E+01	 2.85317E+01	 2.94365E+01	 2.94460E+01	 3.08322E+01
 3.18587E+01	 3.44337E+01	 3.15831E+01	 2.94591E+01	 3.34992E+01	 3.25021E+01	 2.81648E+01	 3.21410E+01	 3.02681E+01	 3.38932E+01	 2.63315E+01	 2.82500E+01	 3.24266E+01	 3.38287E+01	 3.25000E+01	 3.20228E+01	 3.04591E+01	 3.12472E+01	 3.05021E+01	 2.92497E+01	 2.80000E+01	 3.37044E+01	 3.45317E+01	 2.89315E+01	 2.80685E+01	 3.13910E+01	 3.10003E+01	 2.92521E+01	 3.36408E+01	 3.42863E+01	 3.14658E+01	 3.37137E+01	 3.09274E+01	 2.91090E+01	 2.90021E+01	 3.09185E+01	 2.98318E+01	 2.91090E+01	 3.19979E+01	 3.32500E+01	 3.47091E+01	 2.89322E+01	 3.28932E+01	 2.88568E+01	 3.54316E+01	 3.18974E+01	 3.25818E+01	 3.44683E+01	 3.18529E+01	 3.24432E+01	 3.60590E+01	 3.46816E+01	 3.13058E+01	 3.27245E+01	 3.21023E+01	 3.08592E+01	 3.28502E+01	 2.94810E+01	 3.18617E+01	 3.21685E+01	 3.13951E+01
 3.47525E+01	 3.61800E+01	 3.04740E+01	 3.26988E+01	 3.35403E+01	 3.02768E+01	 2.89432E+01	 3.09362E+01	 3.11472E+01	 2.97361E+01	 3.05353E+01	 3.01393E+01	 3.55000E+01	 3.37320E+01	 3.72768E+01	 3.31682E+01	 3.19823E+01	 3.16046E+01	 3.03135E+01	 2.97274E+01	 2.88043E+01	 2.72323E+01	 3.22500E+01	 3.70796E+01	 3.17768E+01	 2.79157E+01	 3.05000E+01	 3.06364E+01	 2.85774E+01	 3.42765E+01	 3.14912E+01	 3.55000E+01	 2.92500E+01	 3.29365E+01	 3.23274E+01	 3.69363E+01	 3.57634E+01	 2.98816E+01	 3.23660E+01	 3.05537E+01	 3.52479E+01	 3.45317E+01	 3.15952E+01	 3.59480E+01	 3.52988E+01	 3.46078E+01	 3.05181E+01	 2.82500E+01	 3.19154E+01	 3.33272E+01	 3.27420E+01	 3.34619E+01	 3.45000E+01	 3.12183E+01	 2.90000E+01	 2.83738E+01	 3.55000E+01	 3.59822E+01	 3.95180E+01	 3.02183E+01	 3.31023E+01
 3.21726E+01	 3.18296E+01	 2.93883E+01	 2.98755E+01	 3.50000E+01	 3.48043E+01	 4.10226E+01	 3.33591E+01	 3.34000E+01	 3.43951E+01	 3.10000E+01	 2.83090E+01	 3.06137E+01	 3.43951E+01	 3.00500E+01	 2.95272E+01	 2.93071E+01	 3.00452E+01	 3.14868E+01	 3.09637E+01	 3.15822E+01	 3.23226E+01	 3.00342E+01	 3.21137E+01	 3.21129E+01	 3.00678E+01	 2.79638E+01	 3.50134E+01	 3.15001E+01	 3.11129E+01	 3.57201E+01	 3.12500E+01	 3.05502E+01	 2.95000E+01	 2.95952E+01	 3.41816E+01	 2.86206E+01	 2.93346E+01	 2.91114E+01	 2.99866E+01	 2.92500E+01	 3.02500E+01	 3.47044E+01	 3.39402E+01	 3.05506E+01	 3.26657E+01	 3.33591E+01	 3.64139E+01	 3.25427E+01	 3.34956E+01	 3.10748E+01	 2.79236E+01	 2.70409E+01	 2.97048E+01	 2.84728E+01	 2.57320E+01	 2.98414E+01	 3.29380E+01	 2.90000E+01	 3.01271E+01	 2.83274E+01
 2.95272E+01	 2.85455E+01	 3.15980E+01	 3.26364E+01	 3.21520E+01	 3.58403E+01	 3.43551E+01	 3.06114E+01	 2.88962E+01	 3.07266E+01	 3.30000E+01	 3.05592E+01	 2.76114E+01	 2.91822E+01	 3.13411E+01	 3.12680E+01	 2.87772E+01	 3.09868E+01	 2.92044E+01	 3.21451E+01	 2.92680E+01	 3.18856E+01	 3.02500E+01	 3.23587E+01	 2.87361E+01	 2.74103E+01	 3.00080E+01	 3.11363E+01	 3.05815E+01	 3.20903E+01	 3.01049E+01	 3.22960E+01	 3.37500E+01	 3.20000E+01	 3.02493E+01	 3.21087E+01	 2.99089E+01	 3.08637E+01	 2.89046E+01	 3.08614E+01	 2.95226E+01	 3.00452E+01	 3.33037E+01	 3.46913E+01	 3.59673E+01	 3.33452E+01	 3.21822E+01	 3.25141E+01	 3.44480E+01	 3.50100E+01	 3.38313E+01	 3.15218E+01	 3.33178E+01	 3.40460E+01	 3.04244E+01	 3.08863E+01	 2.81186E+01	 3.30456E+01	 2.98185E+01	 3.02641E+01	 3.34637E+01
 2.98092E+01	 2.95678E+01	 3.10720E+01	 2.93592E+01	 2.80815E+01	 3.03858E+01	 3.07500E+01	 3.05460E+01	 3.37772E+01	 3.27492E+01	 3.16355E+01	 3.29540E+01	 3.36260E+01	 3.12996E+01	 3.16865E+01	 3.33932E+01	 3.40813E+01	 2.98974E+01	 2.88220E+01	 3.16929E+01	 3.03248E+01	 2.95999E+01	 3.08512E+01	 3.01636E+01	 2.91364E+01	 2.97272E+01	 3.45818E+01	 3.19136E+01	 2.88899E+01	 3.06410E+01	 2.76183E+01	 3.03863E+01	 3.27266E+01	 3.02001E+01	 3.02137E+01	 2.95635E+01	 2.88773E+01	 3.26477E+01	 2.92500E+01	 2.90000E+01	 2.76275E+01	 3.11929E+01	 2.94861E+01	 3.01363E+01	 2.86340E+01	 3.15342E+01	 3.41455E+01	 3.75442E+01	 3.28272E+01	 3.49887E+01	 3.37091E+01	 3.02681E+01	 2.95903E+01	 2.83318E+01	 2.85442E+01	 3.13409E+01	 3.35909E+01	 3.16231E+01	 3.02842E+01	 3.13590E+01	 3.18318E+01
 3.12678E+01	 3.11317E+01	 3.22045E+01	 3.06364E+01	 3.32955E+01	 2.96477E+01	 2.96358E+01	 2.99973E+01	 3.04087E+01	 2.98731E+01	 3.36448E+01	 3.23174E+01	 3.23770E+01	 3.19363E+01	 3.12137E+01	 2.95780E+01	 2.91183E+01	 3.00000E+01	 2.91321E+01	 3.10042E+01	 3.26378E+01	 3.11358E+01	 3.51129E+01	 3.34081E+01	 3.13036E+01	 3.23499E+01	 3.25409E+01	 3.09774E+01	 3.36386E+01	 3.21386E+01	 3.10000E+01	 2.90774E+01	 2.99979E+01	 3.19683E+01	 3.17500E+01	 3.04457E+01	 3.23343E+01	 3.04157E+01	 3.57500E+01	 3.14457E+01	 2.81720E+01	 2.81364E+01	 3.05360E+01	 3.02628E+01	 3.35406E+01	 3.39316E+01	 4.08016E+01	 3.41087E+01	 3.44402E+01	 3.52996E+01	 3.32183E+01	 3.14048E+01	 3.14457E+01	 3.00456E+01	 3.23452E+01	 2.97680E+01	 2.90000E+01	 3.08798E+01	 3.26091E+01	 3.15952E+01	 3.15635E+01
 3.51090E+01	 3.08226E+01	 2.94544E+01	 3.25813E+01	 3.13631E+01	 3.13439E+01	 3.21090E+01	 3.17137E+01	 3.20085E+01	 3.08315E+01	 3.18886E+01	 3.10187E+01	 3.04000E+01	 3.54363E+01	 3.48955E+01	 3.01090E+01	 3.50452E+01	 2.97952E+01	 2.62412E+01	 2.68863E+01	 3.05452E+01	 3.31477E+01	 3.17497E+01	 3.00134E+01	 3.39157E+01	 2.90909E+01	 2.92500E+01	 3.14820E+01	 3.16386E+01	 2.98587E+01	 3.03914E+01	 3.06863E+01	 2.98071E+01	 3.15000E+01	 3.31586E+01	 3.17368E+01	 3.03684E+01	 2.91657E+01	 2.84087E+01	 2.67204E+01	 3.00353E+01	 3.04148E+01	 3.18883E+01	 3.00571E+01	 3.02817E+01	 3.31957E+01	 3.23315E+01	 3.37540E+01	 3.92060E+01	 3.64380E+01	 3.25000E+01	 3.17585E+01	 3.02048E+01	 3.05980E+01	 3.18909E+01	 3.26270E+01	 3.69740E+01	 3.40363E+01	 3.11114E+01	 3.26317E+01	 3.18403E+01
 3.07146E+01	 3.18503E+01	 2.95952E+01	 3.17744E+01	 3.10178E+01	 2.94139E+01	 3.19701E+01	 3.17002E+01	 3.55021E+01	 3.34679E+01	 3.09136E+01	 2.76314E+01	 3.19887E+01	 3.22045E+01	 3.26317E+01	 3.27817E+01	 3.10148E+01	 2.90098E+01	 3.39295E+01	 3.26455E+01	 2.91854E+01	 2.86706E+01	 3.12543E+01	 3.11484E+01	 3.12955E+01	 2.85000E+01	 3.20384E+01	 2.99544E+01	 3.05000E+01	 2.78745E+01	 3.11639E+01	 2.91639E+01	 2.96453E+01	 3.05363E+01	 3.10907E+01	 3.22651E+01	 3.06985E+01	 2.79236E+01	 2.89317E+01	 3.03005E+01	 3.18631E+01	 3.01001E+01	 3.10000E+01	 3.11137E+01	 2.95360E+01	 2.92817E+01	 3.17966E+01	 3.56453E+01	 2.88614E+01	 2.89148E+01	 2.66383E+01	 2.83814E+01	 2.93580E+01	 3.17420E+01	 2.73706E+01	 3.04136E+01	 3.25900E+01	 3.25403E+01	 3.28770E+01	 3.04226E+01	 3.03855E+01
 3.01815E+01	 3.28855E+01	 3.22681E+01	 3.36386E+01	 3.62472E+01	 3.39405E+01	 3.28770E+01	 3.04772E+01	 3.02500E+01	 3.05363E+01	 3.09457E+01	 3.11957E+01	 3.04226E+01	 3.02387E+01	 3.18318E+01	 3.47521E+01	 3.73226E+01	 3.42137E+01	 3.13977E+01	 3.32863E+01	 3.70363E+01	 3.70363E+01	 3.46455E+01	 3.11227E+01	 3.18272E+01	 3.24319E+01	 2.96477E+01	 3.13954E+01	 3.05000E+01	 3.12500E+01	 3.08226E+01	 3.05537E+01	 3.16331E+01	 3.12995E+01	 3.35427E+01	 3.17256E+01	 3.20805E+01	 2.86003E+01	 2.80363E+01	 2.99488E+01	 3.12903E+01	 3.01880E+01	 2.78727E+01	 2.67681E+01	 2.77387E+01	 2.88000E+01	 3.01700E+01	 3.06356E+01	 3.28794E+01	 3.03135E+01	 2.86865E+01	 2.87500E+01	 3.31700E+01	 3.01815E+01	 3.13162E+01	 3.27903E+01	 3.29023E+01	 3.02479E+01	 3.24100E+01	 3.26255E+01	 3.22768E+01
 3.27097E+01	 3.49087E+01	 3.94245E+01	 4.39110E+01	 3.75442E+01	 3.55000E+01	 3.13706E+01	 3.01206E+01	 2.88817E+01	 3.35180E+01	 3.40177E+01	 3.15042E+01	 3.37366E+01	 3.22232E+01	 3.10268E+01	 3.10134E+01	 3.17458E+01	 3.14226E+01	 3.20363E+01	 3.18226E+01	 3.26208E+01	 3.51726E+01	 3.21720E+01	 3.36383E+01	 3.15003E+01	 3.08932E+01	 3.05455E+01	 3.37955E+01	 3.03977E+01	 2.88758E+01	 2.95726E+01	 3.18003E+01	 3.49740E+01	 3.23400E+01	 3.21720E+01	 3.19766E+01	 2.95357E+01	 3.15896E+01	 3.01581E+01	 3.76700E+01	 3.59740E+01	 3.08140E+01	 3.08396E+01	 3.07492E+01	 2.97844E+01	 2.98138E+01	 2.76932E+01	 3.15000E+01	 3.20134E+01	 2.90815E+01	 2.72183E+01	 2.76409E+01	 3.00265E+01	 3.07903E+01	 3.41720E+01	 3.70000E+01	 3.48280E+01	 2.83280E+01	 2.93441E+01	 3.13706E+01	 2.90635E+01
 3.00272E+01	 3.88587E+01	 3.94374E+01	 4.19646E+01	 3.85216E+01	 3.43313E+01	 3.46331E+01	 3.40540E+01	 3.16774E+01	 3.10000E+01	 3.23863E+01	 3.41657E+01	 3.58071E+01	 3.17228E+01	 3.07158E+01	 3.21726E+01	 3.00317E+01	 3.33614E+01	 3.57228E+01	 3.07817E+01	 3.19658E+01	 3.47884E+01	 3.16816E+01	 3.20516E+01	 3.16636E+01	 3.21270E+01	 3.38452E+01	 3.20635E+01	 3.38886E+01	 3.48315E+01	 3.64102E+01	 3.36511E+01	 3.43914E+01	 3.48592E+01	 3.30178E+01	 3.11819E+01	 3.04861E+01	 3.08954E+01	 3.04023E+01	 3.13592E+01	 3.49772E+01	 3.79317E+01	 3.35953E+01	 3.32083E+01	 3.38611E+01	 3.13941E+01	 3.27542E+01	 3.11356E+01	 3.11092E+01	 3.01795E+01	 2.88729E+01	 2.93977E+01	 3.00455E+01	 3.37001E+01	 3.48000E+01	 3.15499E+01	 3.04000E+01	 3.13755E+01	 3.11410E+01	 3.38248E+01	 3.35342E+01
 3.21432E+01	 3.26865E+01	 3.52472E+01	 3.56559E+01	 3.19852E+01	 3.20317E+01	 3.22500E+01	 2.90226E+01	 3.03775E+01	 3.15455E+01	 3.42158E+01	 3.17500E+01	 3.09182E+01	 3.17091E+01	 3.20843E+01	 3.26114E+01	 3.36500E+01	 3.12493E+01	 2.95317E+01	 2.91245E+01	 3.01863E+01	 3.55228E+01	 3.39591E+01	 3.51386E+01	 3.23614E+01	 3.26591E+01	 3.21795E+01	 2.91363E+01	 2.99322E+01	 3.36317E+01	 3.07391E+01	 3.00462E+01	 3.13003E+01	 3.01815E+01	 2.93046E+01	 3.28502E+01	 3.20503E+01	 3.29848E+01	 3.19679E+01	 2.97501E+01	 3.12185E+01	 3.07160E+01	 3.19726E+01	 3.34499E+01	 3.09545E+01	 2.85230E+01	 3.28568E+01	 3.25000E+01	 2.87634E+01	 3.09091E+01	 3.20342E+01	 3.22138E+01	 3.16685E+01	 3.25000E+01	 3.77540E+01	 3.65135E+01	 3.85244E+01	 3.97768E+01	 3.71451E+01	 2.96340E+01	 2.97116E+01
 3.43000E+01	 3.17240E+01	 2.92158E+01	 3.24432E+01	 3.50134E+01	 3.38683E+01	 3.11908E+01	 3.16160E+01	 3.10000E+01	 3.14569E+01	 3.13708E+01	 3.11260E+01	 3.21880E+01	 3.15815E+01	 3.20115E+01	 2.94640E+01	 3.02680E+01	 2.95115E+01	 3.11386E+01	 3.03954E+01	 3.34136E+01	 3.32320E+01	 3.49637E+01	 3.22320E+01	 3.14097E+01	 3.58910E+01	 3.01386E+01	 3.07235E+01	 3.12500E+01	 2.93752E+01	 3.12001E+01	 3.34200E+01	 3.40537E+01	 3.46270E+01	 3.29861E+01	 3.32473E+01	 3.59970E+01	 3.47996E+01	 3.31453E+01	 3.22303E+01	 3.26225E+01	 3.31373E+01	 3.50571E+01	 3.58043E+01	 3.41816E+01	 3.27884E+01	 3.52884E+01	 3.90178E+01	 3.88528E+01	 3.56726E+01	 3.24295E+01	 3.47502E+01	 3.54972E+01	 3.42906E+01	 3.51225E+01	 3.64970E+01	 3.79409E+01	 3.82155E+01	 3.56409E+01	 3.20537E+01	 2.92500E+01
 3.59823E+01	 3.13644E+01	 3.21472E+01	 3.31324E+01	 3.09774E+01	 3.04951E+01	 3.08745E+01	 3.36238E+01	 3.38030E+01	 2.95720E+01	 3.48842E+01	 3.32391E+01	 2.91988E+01	 2.95596E+01	 3.04990E+01	 3.22510E+01	 3.06068E+01	 2.93752E+01	 3.02542E+01	 2.71255E+01	 2.87040E+01	 3.26183E+01	 3.33441E+01	 2.91373E+01	 3.33184E+01	 2.96774E+01	 3.03441E+01	 3.24217E+01	 3.22415E+01	 3.52500E+01	 3.21314E+01	 3.11854E+01	 3.22501E+01	 3.46087E+01	 3.17600E+01	 3.33439E+01	 3.39379E+01	 3.31476E+01	 3.12420E+01	 3.12500E+01	 2.91409E+01	 3.21880E+01	 3.53953E+01	 3.22158E+01	 3.19577E+01	 3.57454E+01	 3.59772E+01	 3.49544E+01	 3.40007E+01	 3.11451E+01	 3.27863E+01	 3.61586E+01	 4.07451E+01	 4.36347E+01	 3.94658E+01	 3.85000E+01	 3.91998E+01	 3.64820E+01	 3.29987E+01	 3.33090E+01	 3.23617E+01
 3.13770E+01	 3.35000E+01	 3.51206E+01	 3.47726E+01	 3.39701E+01	 3.29774E+01	 3.19915E+01	 3.44315E+01	 3.42677E+01	 3.42677E+01	 3.12681E+01	 3.28817E+01	 3.38910E+01	 3.32521E+01	 3.51815E+01	 3.11795E+01	 3.16700E+01	 3.28909E+01	 3.06068E+01	 2.95635E+01	 3.21049E+01	 3.52137E+01	 3.73568E+01	 3.05774E+01	 3.19591E+01	 3.16454E+01	 3.22500E+01	 3.86059E+01	 3.26870E+01	 3.40442E+01	 3.20818E+01	 3.12952E+01	 3.35909E+01	 3.02077E+01	 3.32884E+01	 2.96720E+01	 3.41227E+01	 3.22817E+01	 2.94432E+01	 3.40000E+01	 3.20000E+01	 3.04722E+01	 3.03611E+01	 3.28770E+01	 3.05000E+01	 3.05499E+01	 2.59365E+01	 3.17500E+01	 3.06726E+01	 3.19429E+01	 3.09912E+01	 3.84774E+01	 3.61091E+01	 4.06111E+01	 3.73040E+01	 3.59679E+01	 3.37842E+01	 3.28414E+01	 3.74457E+01	 3.42361E+01	 3.37678E+01
 3.19048E+01	 3.00139E+01	 3.07458E+01	 3.74322E+01	 3.28863E+01	 3.45595E+01	 3.02726E+01	 2.97179E+01	 3.22119E+01	 3.01260E+01	 3.04380E+01	 3.27500E+01	 3.60909E+01	 3.20726E+01	 3.67521E+01	 3.60530E+01	 3.25592E+01	 3.27952E+01	 3.03226E+01	 2.78280E+01	 3.13146E+01	 3.73135E+01	 3.52952E+01	 3.45226E+01	 3.32500E+01	 3.34405E+01	 3.54405E+01	 3.67988E+01	 3.64945E+01	 4.15272E+01	 3.70456E+01	 3.42183E+01	 3.40635E+01	 3.03361E+01	 3.70543E+01	 3.32472E+01	 3.18590E+01	 3.15496E+01	 3.12505E+01	 3.28016E+01	 3.08322E+01	 3.43691E+01	 3.52927E+01	 3.51859E+01	 3.53035E+01	 3.34300E+01	 2.99354E+01	 3.21410E+01	 3.40496E+01	 3.24722E+01	 3.48248E+01	 3.87179E+01	 3.90705E+01	 3.57472E+01	 3.41383E+01	 3.59315E+01	 3.26068E+01	 3.66905E+01	 4.04127E+01	 4.06448E+01	 3.23313E+01
 3.73817E+01	 3.64020E+01	 3.40467E+01	 3.74226E+01	 3.84087E+01	 3.36726E+01	 3.03770E+01	 3.20911E+01	 4.10456E+01	 3.68417E+01	 3.63729E+01	 3.22497E+01	 2.97001E+01	 3.23742E+01	 3.94266E+01	 3.44087E+01	 3.57863E+01	 4.01526E+01	 2.94295E+01	 3.27641E+01	 3.09026E+01	 3.44728E+01	 3.10363E+01	 3.23909E+01	 3.58523E+01	 3.42909E+01	 3.65384E+01	 3.57410E+01	 3.38559E+01	 3.75815E+01	 3.13551E+01	 3.15796E+01	 2.99822E+01	 2.99548E+01	 2.98863E+01	 3.68499E+01	 3.09861E+01	 3.20134E+01	 3.09972E+01	 3.87718E+01	 4.19992E+01	 3.84040E+01	 3.86495E+01	 3.82485E+01	 3.26303E+01	 3.92201E+01	 3.15980E+01	 3.08637E+01	 3.53403E+01	 3.48590E+01	 3.41880E+01	 3.50280E+01	 4.07179E+01	 4.52927E+01	 4.36837E+01	 3.54245E+01	 3.24722E+01	 3.24545E+01	 3.60409E+01	 3.28403E+01	 3.67040E+01
 3.52040E+01	 3.94591E+01	 3.70000E+01	 3.95234E+01	 3.53205E+01	 3.06275E+01	 3.32500E+01	 3.67678E+01	 3.81591E+01	 3.28730E+01	 3.56363E+01	 3.37500E+01	 3.94754E+01	 3.30635E+01	 3.88971E+01	 3.18873E+01	 3.62366E+01	 3.28727E+01	 3.25148E+01	 3.03914E+01	 3.39544E+01	 3.53745E+01	 3.38280E+01	 3.32373E+01	 3.42842E+01	 3.19951E+01	 3.44637E+01	 3.65000E+01	 3.73479E+01	 3.41138E+01	 3.42103E+01	 3.27303E+01	 3.31471E+01	 3.28043E+01	 3.39866E+01	 3.22045E+01	 3.60000E+01	 3.27500E+01	 3.31880E+01	 3.66816E+01	 3.65409E+01	 3.74661E+01	 4.22033E+01	 3.75772E+01	 3.64090E+01	 3.50363E+01	 2.89887E+01	 3.12728E+01	 3.18908E+01	 3.12710E+01	 3.23725E+01	 3.57490E+01	 3.53528E+01	 3.41231E+01	 3.81260E+01	 3.42542E+01	 3.76700E+01	 3.42089E+01	 2.84295E+01	 3.34673E+01	 3.27033E+01
 3.65911E+01	 3.26929E+01	 3.01317E+01	 3.27366E+01	 3.40460E+01	 2.87366E+01	 3.16409E+01	 3.51501E+01	 3.95707E+01	 3.67001E+01	 3.24086E+01	 4.43794E+01	 4.42476E+01	 3.69087E+01	 4.13037E+01	 3.63637E+01	 3.52000E+01	 3.16636E+01	 3.30088E+01	 3.20115E+01	 2.80317E+01	 3.68477E+01	 3.18755E+01	 3.09958E+01	 3.06364E+01	 2.84236E+01	 3.61183E+01	 3.01597E+01	 3.03502E+01	 3.55244E+01	 3.53077E+01	 3.50748E+01	 3.75180E+01	 3.55115E+01	 3.47000E+01	 3.56137E+01	 3.29020E+01	 3.59766E+01	 3.29658E+01	 4.16807E+01	 4.06573E+01	 3.67445E+01	 3.61620E+01	 3.74705E+01	 4.02944E+01	 3.23040E+01	 3.58313E+01	 3.16630E+01	 3.45822E+01	 3.23320E+01	 3.20040E+01	 3.87726E+01	 3.11586E+01	 3.40671E+01	 3.64322E+01	 3.46600E+01	 3.55512E+01	 3.65903E+01	 3.86657E+01	 4.23817E+01	 3.74728E+01
 3.52472E+01	 3.52387E+01	 3.13629E+01	 2.99103E+01	 3.14463E+01	 3.63971E+01	 3.52944E+01	 3.39544E+01	 4.07952E+01	 3.66074E+01	 3.55720E+01	 3.65127E+01	 3.82540E+01	 3.67996E+01	 3.60000E+01	 3.10000E+01	 3.83411E+01	 3.68913E+01	 3.35177E+01	 3.00384E+01	 3.37228E+01	 2.79315E+01	 2.90000E+01	 3.22639E+01	 2.95279E+01	 3.56520E+01	 3.12405E+01	 3.53002E+01	 3.60178E+01	 3.40000E+01	 3.47044E+01	 3.22817E+01	 3.42040E+01	 3.17040E+01	 3.61657E+01	 3.57044E+01	 3.07956E+01	 3.11206E+01	 3.09992E+01	 4.33738E+01	 3.73770E+01	 3.71766E+01	 3.51736E+01	 3.54638E+01	 3.60000E+01	 3.36972E+01	 3.16270E+01	 3.52540E+01	 3.26581E+01	 3.24281E+01	 3.38632E+01	 3.48269E+01	 3.46294E+01	 3.24701E+01	 3.14324E+01	 3.62778E+01	 4.05952E+01	 3.59499E+01	 3.73631E+01	 3.26004E+01	 3.69020E+01
 3.28617E+01	 3.59086E+01	 3.50726E+01	 3.08727E+01	 3.29912E+01	 3.38452E+01	 3.05818E+01	 3.09540E+01	 3.08729E+01	 3.74679E+01	 3.47179E+01	 3.85795E+01	 3.54658E+01	 3.30726E+01	 3.12659E+01	 2.93794E+01	 3.38883E+01	 3.32903E+01	 3.12712E+01	 3.33794E+01	 3.20678E+01	 3.20127E+01	 3.47323E+01	 3.30818E+01	 3.65134E+01	 3.26340E+01	 3.38932E+01	 3.85000E+01	 3.86455E+01	 3.37728E+01	 3.45683E+01	 3.41700E+01	 3.50671E+01	 3.83580E+01	 3.53683E+01	 3.21636E+01	 3.50864E+01	 3.20571E+01	 3.01477E+01	 3.81340E+01	 3.80488E+01	 3.85342E+01	 3.62733E+01	 3.73631E+01	 3.83037E+01	 3.44413E+01	 3.43913E+01	 3.77235E+01	 3.12641E+01	 3.42185E+01	 3.73858E+01	 3.16074E+01	 3.40780E+01	 3.41682E+01	 3.55620E+01	 3.84640E+01	 3.80374E+01	 3.56183E+01	 3.56817E+01	 3.55042E+01	 3.56819E+01
 3.38280E+01	 3.34410E+01	 3.49097E+01	 3.55646E+01	 3.29020E+01	 3.32272E+01	 3.18863E+01	 3.40000E+01	 3.11589E+01	 3.44157E+01	 3.51358E+01	 3.65999E+01	 3.21137E+01	 3.17045E+01	 2.96340E+01	 2.89157E+01	 2.94560E+01	 3.09502E+01	 3.35952E+01	 3.33322E+01	 3.85000E+01	 3.37716E+01	 2.91409E+01	 3.20342E+01	 3.14226E+01	 2.90903E+01	 3.26049E+01	 3.08954E+01	 3.29540E+01	 3.10903E+01	 3.64413E+01	 3.51774E+01	 3.43568E+01	 3.32024E+01	 3.53003E+01	 3.39148E+01	 3.53248E+01	 3.21270E+01	 3.84405E+01	 3.84908E+01	 4.04127E+01	 3.72772E+01	 3.53090E+01	 4.05720E+01	 3.86138E+01	 3.65021E+01	 3.83629E+01	 3.38864E+01	 3.99540E+01	 3.68248E+01	 3.68611E+01	 3.19560E+01	 3.31795E+01	 3.14772E+01	 3.16029E+01	 3.26393E+01	 3.50452E+01	 3.75681E+01	 3.86549E+01	 3.68499E+01	 3.42744E+01
 3.36252E+01	 3.48545E+01	 3.38977E+01	 3.48676E+01	 3.33899E+01	 3.27842E+01	 3.28727E+01	 3.46636E+01	 3.37842E+01	 3.68135E+01	 3.63171E+01	 3.22228E+01	 3.40190E+01	 3.56068E+01	 3.41499E+01	 3.28909E+01	 3.53971E+01	 3.74545E+01	 3.94432E+01	 3.66569E+01	 3.62003E+01	 4.09148E+01	 3.56471E+01	 3.15500E+01	 3.36087E+01	 3.36880E+01	 3.41383E+01	 3.45499E+01	 3.92842E+01	 3.62500E+01	 3.70218E+01	 3.68315E+01	 3.57634E+01	 3.57500E+01	 3.26206E+01	 3.20452E+01	 3.10409E+01	 2.80452E+01	 3.67500E+01	 3.55265E+01	 3.60272E+01	 3.82744E+01	 3.60228E+01	 3.56270E+01	 3.74891E+01	 3.78972E+01	 3.96501E+01	 4.38098E+01	 3.88636E+01	 4.00843E+01	 3.77681E+01	 3.49087E+01	 4.18614E+01	 3.30561E+01	 3.17956E+01	 3.58135E+01	 3.53452E+01	 3.72542E+01	 3.52266E+01	 3.62322E+01	 3.15028E+01
 3.12361E+01	 3.29972E+01	 3.19365E+01	 2.81984E+01	 3.33568E+01	 3.01880E+01	 3.04069E+01	 2.93137E+01	 3.03071E+01	 3.06029E+01	 2.97158E+01	 3.16091E+01	 2.90815E+01	 3.03409E+01	 3.12045E+01	 3.36657E+01	 3.43587E+01	 3.36358E+01	 3.42500E+01	 3.21639E+01	 3.19992E+01	 3.13751E+01	 3.52884E+01	 3.38886E+01	 3.42500E+01	 3.33000E+01	 3.53002E+01	 3.10002E+01	 3.48135E+01	 3.29540E+01	 3.21589E+01	 3.71630E+01	 3.40911E+01	 3.41865E+01	 3.43407E+01	 3.31822E+01	 3.16137E+01	 3.03840E+01	 2.94484E+01	 3.60113E+01	 3.39915E+01	 3.23016E+01	 3.48248E+01	 3.55384E+01	 3.25001E+01	 3.42768E+01	 3.57497E+01	 3.62045E+01	 4.03400E+01	 3.56399E+01	 3.30001E+01	 3.17500E+01	 3.43411E+01	 3.46129E+01	 3.30272E+01	 3.41657E+01	 3.92728E+01	 3.67955E+01	 3.40000E+01	 3.07366E+01	 3.28727E+01
 3.21910E+01	 3.02744E+01	 2.98851E+01	 3.18792E+01	 3.06462E+01	 3.30685E+01	 3.31324E+01	 3.28660E+01	 3.09715E+01	 3.23502E+01	 3.30042E+01	 3.71248E+01	 2.98771E+01	 2.95134E+01	 3.11206E+01	 3.64354E+01	 3.48207E+01	 3.22500E+01	 3.72940E+01	 3.43409E+01	 3.32798E+01	 2.94020E+01	 3.21129E+01	 2.95982E+01	 3.25085E+01	 3.40917E+01	 2.91227E+01	 3.17500E+01	 3.09460E+01	 3.12726E+01	 3.42500E+01	 3.42955E+01	 2.96386E+01	 3.03529E+01	 3.06230E+01	 3.15460E+01	 2.94774E+01	 3.27320E+01	 3.38637E+01	 3.25911E+01	 3.12634E+01	 3.98940E+01	 4.15496E+01	 4.09540E+01	 3.42147E+01	 3.66142E+01	 3.26137E+01	 3.43220E+01	 3.32240E+01	 3.69157E+01	 3.25268E+01	 3.19772E+01	 3.29432E+01	 3.52497E+01	 3.43951E+01	 3.31160E+01	 3.59363E+01	 3.27500E+01	 3.38863E+01	 3.46589E+01	 3.46023E+01
 2.99866E+01	 3.60234E+01	 3.56604E+01	 3.05497E+01	 3.04498E+01	 3.02183E+01	 3.30843E+01	 3.33886E+01	 3.15543E+01	 3.09157E+01	 3.41932E+01	 3.17726E+01	 3.08729E+01	 2.93706E+01	 2.99999E+01	 3.11059E+01	 3.20805E+01	 3.34488E+01	 3.55720E+01	 3.25000E+01	 3.02952E+01	 3.32323E+01	 3.48951E+01	 3.14136E+01	 3.30685E+01	 3.78637E+01	 3.32492E+01	 2.85590E+01	 3.17040E+01	 3.26029E+01	 3.39735E+01	 3.33817E+01	 3.07817E+01	 3.20282E+01	 3.07588E+01	 2.76546E+01	 3.29089E+01	 3.19119E+01	 2.84560E+01	 3.15226E+01	 2.92585E+01	 3.10795E+01	 3.27201E+01	 4.01379E+01	 3.86854E+01	 3.28217E+01	 3.11680E+01	 3.40000E+01	 3.74488E+01	 3.64861E+01	 3.84701E+01	 3.71045E+01	 3.26954E+01	 3.54457E+01	 3.60774E+01	 3.13637E+01	 3.55635E+01	 3.17183E+01	 3.29544E+01	 3.50496E+01	 3.36754E+01
 3.24637E+01	 2.87500E+01	 3.08477E+01	 3.23592E+01	 2.97500E+01	 3.06863E+01	 3.03500E+01	 3.12500E+01	 3.18909E+01	 3.41045E+01	 3.17909E+01	 3.10000E+01	 3.04732E+01	 3.17091E+01	 3.11046E+01	 3.13226E+01	 3.10021E+01	 3.25000E+01	 3.25000E+01	 3.26413E+01	 3.22479E+01	 3.00705E+01	 3.05409E+01	 3.05800E+01	 3.25409E+01	 3.67179E+01	 3.43632E+01	 3.37863E+01	 3.05637E+01	 3.17091E+01	 2.88546E+01	 3.10466E+01	 3.18480E+01	 3.37500E+01	 3.16183E+01	 2.89735E+01	 3.03954E+01	 3.16636E+01	 2.97500E+01	 2.73758E+01	 2.90409E+01	 2.86208E+01	 3.16936E+01	 3.00980E+01	 2.98460E+01	 2.86310E+01	 2.95599E+01	 3.43773E+01	 3.18205E+01	 3.23932E+01	 3.03043E+01	 2.88115E+01	 2.77185E+01	 3.14023E+01	 2.94915E+01	 3.25000E+01	 2.90000E+01	 3.02952E+01	 2.98178E+01	 2.91500E+01	 2.89000E+01
 2.97228E+01	 3.21114E+01	 3.31685E+01	 3.12228E+01	 3.54315E+01	 3.41363E+01	 3.20180E+01	 3.01117E+01	 3.19200E+01	 3.22069E+01	 3.03185E+01	 3.08637E+01	 3.15843E+01	 3.07952E+01	 2.95818E+01	 2.98397E+01	 3.42680E+01	 3.57860E+01	 3.21726E+01	 3.44457E+01	 3.56413E+01	 3.57500E+01	 3.29820E+01	 3.18413E+01	 3.48403E+01	 3.19245E+01	 3.45535E+01	 3.15813E+01	 3.16440E+01	 3.13858E+01	 3.05363E+01	 3.02860E+01	 3.26929E+01	 3.13909E+01	 3.12183E+01	 2.98637E+01	 3.63863E+01	 3.22274E+01	 3.03893E+01	 2.76393E+01	 2.92678E+01	 2.90021E+01	 3.50815E+01	 3.64200E+01	 3.49226E+01	 3.18046E+01	 3.28614E+01	 3.55000E+01	 3.26657E+01	 3.35635E+01	 3.26114E+01	 3.16682E+01	 3.37500E+01	 3.11231E+01	 2.92942E+01	 2.91414E+01	 2.75000E+01	 3.20460E+01	 3.11160E+01	 2.91657E+01	 3.15363E+01
 3.18137E+01	 3.32768E+01	 3.32206E+01	 3.16954E+01	 3.23568E+01	 3.17500E+01	 3.05021E+01	 3.19380E+01	 3.16520E+01	 3.23683E+01	 3.34637E+01	 3.33932E+01	 3.40003E+01	 3.23529E+01	 3.04157E+01	 3.19276E+01	 3.33794E+01	 3.06046E+01	 3.23864E+01	 3.43296E+01	 3.36184E+01	 3.48683E+01	 3.55000E+01	 3.52549E+01	 3.82319E+01	 3.52091E+01	 3.12272E+01	 3.24316E+01	 3.30178E+01	 3.04276E+01	 2.97138E+01	 3.25363E+01	 3.58953E+01	 3.30726E+01	 3.21229E+01	 3.31091E+01	 3.22817E+01	 3.20000E+01	 3.13617E+01	 3.48951E+01	 3.41586E+01	 3.21477E+01	 3.27521E+01	 3.33296E+01	 3.34020E+01	 3.05843E+01	 3.02366E+01	 3.05000E+01	 3.22402E+01	 2.93684E+01	 2.97001E+01	 3.08932E+01	 3.16454E+01	 3.35363E+01	 3.06068E+01	 3.10685E+01	 3.17909E+01	 3.26227E+01	 3.14157E+01	 3.41432E+01	 3.15000E+01
 3.36795E+01	 3.29295E+01	 3.43637E+01	 3.49087E+01	 3.39266E+01	 3.39501E+01	 3.54295E+01	 3.22183E+01	 3.27320E+01	 3.30360E+01	 3.30000E+01	 3.32817E+01	 3.26275E+01	 3.43775E+01	 3.33090E+01	 3.47860E+01	 3.38886E+01	 3.27137E+01	 3.38730E+01	 3.78591E+01	 3.33587E+01	 3.69059E+01	 3.71657E+01	 3.71501E+01	 3.28002E+01	 3.51364E+01	 4.03863E+01	 3.65540E+01	 3.21913E+01	 3.13305E+01	 3.26630E+01	 3.41002E+01	 3.26657E+01	 3.22726E+01	 3.44185E+01	 3.37228E+01	 3.16657E+01	 3.37274E+01	 3.20000E+01	 3.15635E+01	 3.05635E+01	 3.02500E+01	 3.09457E+01	 3.05543E+01	 3.27500E+01	 3.07412E+01	 3.18660E+01	 3.17320E+01	 2.89429E+01	 3.06589E+01	 3.62960E+01	 3.28411E+01	 3.16229E+01	 2.92598E+01	 2.98883E+01	 3.22158E+01	 3.41477E+01	 3.16090E+01	 3.40815E+01	 3.34728E+01	 3.08863E+01
 3.27500E+01	 3.05342E+01	 3.23477E+01	 3.43587E+01	 3.70815E+01	 3.28587E+01	 3.23745E+01	 3.53226E+01	 3.35000E+01	 3.36364E+01	 3.11251E+01	 2.89373E+01	 3.33499E+01	 3.45999E+01	 3.36630E+01	 3.18043E+01	 3.08644E+01	 3.05228E+01	 2.79540E+01	 3.30452E+01	 3.77412E+01	 3.52472E+01	 3.79701E+01	 3.58614E+01	 3.32500E+01	 3.42158E+01	 3.41685E+01	 3.15909E+01	 2.93742E+01	 3.06586E+01	 2.78727E+01	 3.02500E+01	 3.11386E+01	 3.07549E+01	 3.04274E+01	 3.32274E+01	 3.20909E+01	 3.68953E+01	 3.49429E+01	 3.32500E+01	 3.07680E+01	 3.30000E+01	 3.32956E+01	 3.20571E+01	 3.44322E+01	 3.39774E+01	 3.46114E+01	 3.32817E+01	 3.31455E+01	 3.44091E+01	 3.35914E+01	 3.27366E+01	 3.46700E+01	 3.55000E+01	 3.54591E+01	 3.63770E+01	 3.73248E+01	 3.42501E+01	 3.40317E+01	 3.30317E+01	 3.33040E+01
 2.86092E+01	 2.86314E+01	 3.07863E+01	 2.92500E+01	 3.01929E+01	 3.00000E+01	 3.20000E+01	 3.13090E+01	 3.69266E+01	 3.51913E+01	 3.66031E+01	 3.37276E+01	 3.57445E+01	 4.20496E+01	 3.43611E+01	 3.50637E+01	 3.96090E+01	 3.44920E+01	 3.22765E+01	 3.71453E+01	 3.55705E+01	 3.55228E+01	 3.36090E+01	 3.24787E+01	 3.13205E+01	 3.62863E+01	 3.40843E+01	 3.46548E+01	 3.44544E+01	 2.79087E+01	 2.73178E+01	 3.26589E+01	 3.05095E+01	 3.54885E+01	 3.17415E+01	 3.17500E+01	 3.13840E+01	 3.12500E+01	 3.58071E+01	 3.58523E+01	 3.47500E+01	 3.32235E+01	 2.94616E+01	 3.34545E+01	 3.27500E+01	 3.05384E+01	 3.13400E+01	 3.07952E+01	 3.26815E+01	 3.17726E+01	 3.34728E+01	 3.24728E+01	 3.18637E+01	 3.26114E+01	 3.69157E+01	 3.40635E+01	 3.41409E+01	 3.15000E+01	 3.17387E+01	 3.21252E+01	 3.58755E+01
 3.30049E+01	 3.00000E+01	 3.40177E+01	 3.14912E+01	 3.51248E+01	 3.13500E+01	 3.08637E+01	 3.26137E+01	 3.50228E+01	 3.54182E+01	 3.60705E+01	 3.57884E+01	 4.37564E+01	 4.24007E+01	 3.85504E+01	 3.48501E+01	 4.23381E+01	 3.55406E+01	 3.57780E+01	 3.47354E+01	 3.75772E+01	 3.60363E+01	 3.29873E+01	 3.23913E+01	 3.37361E+01	 3.40403E+01	 3.85317E+01	 3.66091E+01	 3.58274E+01	 3.08162E+01	 3.26358E+01	 3.68614E+01	 3.40843E+01	 3.12500E+01	 3.22274E+01	 3.26092E+01	 3.12884E+01	 3.31726E+01	 2.97909E+01	 3.07681E+01	 3.38178E+01	 3.31362E+01	 3.07840E+01	 2.92479E+01	 3.13137E+01	 3.10046E+01	 3.15363E+01	 3.35685E+01	 3.52183E+01	 3.15000E+01	 2.97500E+01	 3.13205E+01	 3.25363E+01	 3.19658E+01	 3.60952E+01	 3.97222E+01	 3.57988E+01	 3.45787E+01	 3.53587E+01	 3.66358E+01	 3.54673E+01
 3.50000E+01	 3.71501E+01	 3.49274E+01	 3.47004E+01	 3.27415E+01	 3.26548E+01	 3.43318E+01	 3.49993E+01	 3.51409E+01	 3.55843E+01	 3.57585E+01	 3.71248E+01	 3.78908E+01	 4.32453E+01	 4.25424E+01	 4.75251E+01	 4.37888E+01	 4.21901E+01	 4.53085E+01	 4.28492E+01	 3.65822E+01	 3.61242E+01	 3.86409E+01	 3.69861E+01	 3.83512E+01	 3.60187E+01	 3.40662E+01	 3.09887E+01	 3.19226E+01	 3.24089E+01	 3.18702E+01	 3.22500E+01	 3.73137E+01	 3.74315E+01	 3.79774E+01	 3.34087E+01	 3.49589E+01	 3.85720E+01	 3.78480E+01	 3.36885E+01	 3.23185E+01	 3.01589E+01	 3.30543E+01	 3.19866E+01	 3.19548E+01	 3.47940E+01	 3.70226E+01	 3.60340E+01	 3.58294E+01	 3.33480E+01	 3.18480E+01	 3.31298E+01	 3.89329E+01	 3.82500E+01	 3.46880E+01	 3.79236E+01	 3.51111E+01	 3.82944E+01	 3.87765E+01	 3.35088E+01	 3.48601E+01
 3.31657E+01	 3.12863E+01	 3.07097E+01	 3.51186E+01	 2.95662E+01	 3.22201E+01	 3.17215E+01	 3.26331E+01	 3.29545E+01	 2.90941E+01	 2.91160E+01	 3.07500E+01	 3.48002E+01	 3.28531E+01	 3.30509E+01	 4.32793E+01	 4.01263E+01	 3.96515E+01	 3.47091E+01	 4.00723E+01	 3.27780E+01	 2.96559E+01	 3.36271E+01	 3.16271E+01	 3.18090E+01	 3.65540E+01	 3.44020E+01	 2.88883E+01	 3.45000E+01	 3.32842E+01	 3.18686E+01	 3.17639E+01	 3.15000E+01	 3.24274E+01	 3.35635E+01	 3.39505E+01	 3.53269E+01	 3.68226E+01	 3.53205E+01	 3.22137E+01	 3.21838E+01	 2.82956E+01	 3.26726E+01	 3.63770E+01	 3.56087E+01	 3.20635E+01	 3.33452E+01	 3.02628E+01	 3.24637E+01	 3.00952E+01	 3.34307E+01	 3.89701E+01	 3.29315E+01	 3.40346E+01	 3.49722E+01	 3.42001E+01	 3.25135E+01	 3.47484E+01	 3.32502E+01	 3.09295E+01	 3.06049E+01
 3.13614E+01	 3.27726E+01	 3.18452E+01	 3.28909E+01	 3.04413E+01	 3.16080E+01	 3.54295E+01	 3.48400E+01	 3.23040E+01	 2.93318E+01	 3.60363E+01	 3.13637E+01	 3.50000E+01	 3.10952E+01	 3.48974E+01	 3.55640E+01	 4.35509E+01	 4.13341E+01	 4.33421E+01	 3.92998E+01	 3.11905E+01	 3.06001E+01	 3.12058E+01	 3.25913E+01	 3.77185E+01	 3.30192E+01	 3.73953E+01	 3.00360E+01	 3.10000E+01	 3.22500E+01	 3.32863E+01	 3.51047E+01	 3.48452E+01	 3.15272E+01	 3.28090E+01	 3.49722E+01	 3.37857E+01	 3.53452E+01	 3.04139E+01	 3.32944E+01	 3.38135E+01	 3.78864E+01	 2.81453E+01	 3.01408E+01	 3.07863E+01	 3.38040E+01	 3.00049E+01	 3.14658E+01	 3.07366E+01	 3.31251E+01	 3.14295E+01	 3.00134E+01	 3.01340E+01	 3.24740E+01	 3.24319E+01	 3.13727E+01	 3.01644E+01	 3.86988E+01	 3.40025E+01	 2.98528E+01	 3.02613E+01
 3.01520E+01	 3.01865E+01	 3.03037E+01	 3.09136E+01	 3.65360E+01	 3.13998E+01	 3.47454E+01	 3.02863E+01	 3.47681E+01	 3.13614E+01	 3.05000E+01	 3.47500E+01	 3.13840E+01	 2.88090E+01	 3.64819E+01	 3.76800E+01	 4.14090E+01	 4.51823E+01	 4.78354E+01	 3.96453E+01	 3.33863E+01	 3.19987E+01	 3.05000E+01	 3.88318E+01	 3.75952E+01	 3.70000E+01	 3.56816E+01	 3.78171E+01	 3.45226E+01	 3.38501E+01	 3.17634E+01	 3.76657E+01	 3.30977E+01	 3.36520E+01	 3.17387E+01	 3.13135E+01	 3.26523E+01	 3.11340E+01	 3.64701E+01	 3.91565E+01	 3.83842E+01	 3.87420E+01	 3.20930E+01	 2.96202E+01	 3.02137E+01	 3.19766E+01	 3.55800E+01	 3.26819E+01	 2.85592E+01	 3.23170E+01	 4.14954E+01	 4.24887E+01	 3.57201E+01	 3.61231E+01	 3.49540E+01	 3.84658E+01	 3.52906E+01	 3.28506E+01	 3.25496E+01	 3.23137E+01	 3.20342E+01
 3.27137E+01	 3.14658E+01	 3.17500E+01	 3.51471E+01	 3.42498E+01	 3.59866E+01	 3.31500E+01	 3.50909E+01	 3.22884E+01	 3.31451E+01	 3.33501E+01	 3.37045E+01	 3.20815E+01	 3.71501E+01	 2.95592E+01	 3.48951E+01	 3.69887E+01	 4.38681E+01	 3.95007E+01	 3.60790E+01	 3.42500E+01	 3.78226E+01	 3.22726E+01	 3.51648E+01	 3.39735E+01	 3.39059E+01	 3.63587E+01	 3.47024E+01	 3.40002E+01	 3.30502E+01	 3.40685E+01	 3.41023E+01	 3.31206E+01	 3.15000E+01	 3.26049E+01	 3.23864E+01	 3.43683E+01	 3.56477E+01	 3.52047E+01	 3.54100E+01	 3.69658E+01	 3.62158E+01	 3.37585E+01	 2.72681E+01	 3.43318E+01	 3.51854E+01	 3.40502E+01	 3.73272E+01	 3.36321E+01	 3.67996E+01	 3.55726E+01	 3.72226E+01	 3.50406E+01	 3.49673E+01	 4.09324E+01	 3.22361E+01	 3.15540E+01	 3.18272E+01	 3.16208E+01	 3.16235E+01	 3.20815E+01
 3.33274E+01	 3.63893E+01	 3.23886E+01	 3.74200E+01	 3.42863E+01	 3.37549E+01	 3.37179E+01	 3.75787E+01	 3.28932E+01	 3.13702E+01	 3.64701E+01	 3.16252E+01	 3.06029E+01	 3.43629E+01	 3.51087E+01	 3.76591E+01	 3.40000E+01	 3.27500E+01	 4.02909E+01	 3.42974E+01	 3.83590E+01	 3.51028E+01	 3.75409E+01	 3.63220E+01	 3.36160E+01	 3.54103E+01	 3.45620E+01	 4.08178E+01	 3.32366E+01	 3.35476E+01	 3.48343E+01	 3.53120E+01	 4.11127E+01	 3.41363E+01	 3.08660E+01	 3.49701E+01	 3.56960E+01	 3.42272E+01	 3.46880E+01	 3.44533E+01	 3.70064E+01	 3.10002E+01	 3.36744E+01	 3.14023E+01	 3.76453E+01	 3.27266E+01	 3.36092E+01	 2.94548E+01	 3.72412E+01	 3.30353E+01	 3.86410E+01	 3.35002E+01	 3.49954E+01	 2.97942E+01	 3.43256E+01	 3.28951E+01	 3.76364E+01	 3.59295E+01	 3.25353E+01	 3.16865E+01	 3.63400E+01
 3.26451E+01	 3.51546E+01	 2.97500E+01	 3.04637E+01	 3.48043E+01	 3.09380E+01	 3.16012E+01	 3.35671E+01	 3.44866E+01	 3.43840E+01	 3.52140E+01	 3.47451E+01	 3.06324E+01	 3.16068E+01	 3.58003E+01	 3.73499E+01	 3.80353E+01	 3.53037E+01	 3.41358E+01	 3.52226E+01	 3.45228E+01	 3.71080E+01	 3.71548E+01	 3.15909E+01	 3.27956E+01	 3.51230E+01	 3.69182E+01	 2.83547E+01	 3.30620E+01	 3.51091E+01	 2.93529E+01	 3.38910E+01	 3.25900E+01	 3.37137E+01	 3.17320E+01	 3.16145E+01	 3.15452E+01	 3.25298E+01	 3.45231E+01	 3.48030E+01	 3.47962E+01	 3.16817E+01	 3.35218E+01	 3.07484E+01	-8.39909E+00	 2.78138E+01	 3.30403E+01	 3.20181E+01	 2.90822E+01	 3.61023E+01	 3.37274E+01	 3.43740E+01	 3.34774E+01	 3.62500E+01	 3.25000E+01	 3.19597E+01	 3.50800E+01	 3.04544E+01	 3.25705E+01	 3.10705E+01	 3.71687E+01
 3.08684E+01	 3.23171E+01	 2.97500E+01	 3.18706E+01	 3.16700E+01	 3.00726E+01	 3.15678E+01	 2.86252E+01	 3.08708E+01	 3.13971E+01	 3.21252E+01	 3.30440E+01	 3.38883E+01	 3.42765E+01	 3.26546E+01	 3.56503E+01	 3.60218E+01	 3.38864E+01	 3.33940E+01	 2.99970E+01	 3.53771E+01	 3.28855E+01	 2.99463E+01	 3.09545E+01	 3.31929E+01	 3.20010E+01	 3.25003E+01	 3.22228E+01	 3.28745E+01	 2.83883E+01	 3.05452E+01	 3.10255E+01	 4.38637E+01	 3.33951E+01	 3.17487E+01	 3.11720E+01	 3.52588E+01	 3.32320E+01	 3.59973E+01	 3.10640E+01	 2.99861E+01	 3.22033E+01	 2.97680E+01	 3.02451E+01	 3.10000E+01	 2.93817E+01	 2.81929E+01	 3.17542E+01	 2.98629E+01	 3.43771E+01	 3.23708E+01	 2.86245E+01	 3.31685E+01	 2.90571E+01	 3.12842E+01	 3.27863E+01	 3.27853E+01	 3.31548E+01	 3.01643E+01	 3.12077E+01	 3.28631E+01
 3.12201E+01	 3.75244E+01	 3.22201E+01	 3.18856E+01	 2.92173E+01	 2.90007E+01	 3.16739E+01	 3.08135E+01	 3.15231E+01	 3.46816E+01	 3.14001E+01	 3.28523E+01	 3.33631E+01	 3.60004E+01	 3.38479E+01	 3.66255E+01	 3.88502E+01	 3.37505E+01	 3.09887E+01	 3.36583E+01	 3.33090E+01	 3.30230E+01	 2.97677E+01	 2.97772E+01	 3.04295E+01	 2.93814E+01	 3.47588E+01	 3.09823E+01	 3.17320E+01	 3.42860E+01	 3.61591E+01	 3.49545E+01	 3.64683E+01	 3.43729E+01	 2.97387E+01	 3.24545E+01	 3.17458E+01	 3.12158E+01	 3.36795E+01	 3.32540E+01	 3.28396E+01	 3.28403E+01	 3.12909E+01	 2.90000E+01	 3.20635E+01	 2.88183E+01	 2.86453E+01	 3.04315E+01	 3.73909E+01	 3.06245E+01	 3.17060E+01	 3.07731E+01	 2.76451E+01	 3.07942E+01	 2.90384E+01	 2.96520E+01	 2.94951E+01	 4.92976E+01	 2.99766E+01	 3.40992E+01	 3.22033E+01
